10 14


0 1 0 0 
0 1 0 0 
0 1 0 0 
0 1 0 0 
0 1 0 0 
0 1 0 0 
0 1 0 0 
0 1 0 0 
0 1 0 0 
0 1 0 0 
0 1 0 0 
0 1 0 0 
0 1 0 0 
0 1 0 0 

0 1 0 0 
0 1 0 0 
0 1 0 0 
0 1 0 0 
0 1 0 0 
0 1 0 0 
0 1 0 0 
0 1 0 0 
0 1 0 0 
0 1 0 0 
0 1 0 0 
0 1 0 0 
0 1 0 0 
0 1 0 0 

0 1 0 0 
0 1 0 0 
0 1 0 0 
0 1 0 0 
0 1 0 0 
0 1 0 0 
0 1 0 0 
0 1 0 0 
0 1 0 0 
0 1 0 0 
0 1 0 0 
0 1 0 0 
0 1 0 0 
0 1 0 0 

0 1 0 0 
0 1 0 0 
0 1 0 0 
0 1 0 0 
0 1 0 0 
0 1 0 0 
0 1 0 0 
0 1 0 0 
0 1 0 0 
0 1 0 0 
0 1 0 0 
0 1 0 0 
0 1 0 0 
0 1 0 0 

0 1 0 0 
0 1 0 0 
0 1 0 0 
0 1 0 0 
0 1 0 0 
0 1 0 0 
0 1 0 0 
0 1 0 0 
0 1 0 0 
0 1 0 0 
0 1 0 0 
0 1 0 0 
0 1 0 0 
0 1 0 0 

0 1 0 0 
0 1 0 0 
0 1 0 0 
0 1 0 0 
0 1 0 0 
0 1 0 0 
0 1 0 0 
0 1 0 0 
0 1 0 0 
0 1 0 0 
0 1 0 0 
0 1 0 0 
0 1 0 0 
0 1 0 0 

2 1 0.25 0.75 
2 1 0.25 0.75 
2 1 0.25 0.75  
2 1 0.25 0.75 
0 1 0 0 
0 1 0 0 
0 1 0 0 
0 1 0 0 
0 1 0 0 
0 1 0 0 
0 1 0 0 
0 1 0 0 
0 1 0 0 
0 1 0 0 

1 1 0.5 0 
1 1 0.5 0 
1 1 0.5 0 
1 1 0.5 0 
0 1 0 0 
0 1 0 0 
0 1 0 0 
0 1 0 0 
0 1 0 0 
0 1 0 0 
0 1 0 0 
0 1 0 0 
0 1 0 0 
0 1 0 0 

0 0 0 0 
0 0 0 0 
0 0 0 0 
0 0 0 0 
0 1 0 0 
0 1 0 0 
0 1 0 0 
0 1 0 0 
0 1 0 0 
0 1 0 0 
0 1 0 0 
0 1 0 0 
0 1 0 0 
0 1 0 0 

1 0 0.3 0 
1 0 0.3 0 
1 0 0.1 0 
1 0 0.8 0 
1 0 0.1 0 
1 0 0.1 0 
1 0 0.1 0 
1 0 0.1 0 
1 0 0.1 0 
1 0 0.1 0 
1 0 0.1 0 
1 0 0.1 0 
1 0 0.1 0 
1 0 0.1 0 
