15.7594 1.07517e-07 9.14537e-07 99.0031 13.0201 20.8561 25.2243 27.6666 29.0442 29.7937 30.1256 
20.7671 1.64957e-07 8.0702e-07 85.983 18.2042 24.3238 27.1502 28.7313 29.6724 30.2111 30.4576 
30.0462 34.4641 53.4546 54.7588 35.4727 31.0849 30.3213 30.4361 30.7029 30.9209 31.036 
34.9073 37.8598 43.8934 44.1249 37.843 34.2218 32.614 31.9889 31.7824 31.7334 31.7296 
36.8159 38.1746 40.1344 40.0044 37.5523 35.3455 33.924 33.123 32.7042 32.5008 32.4194 
37.3658 37.888 38.4654 38.206 37.0164 35.6839 34.6136 33.8749 33.4106 33.1463 33.0276 
37.3935 37.5464 37.6331 37.3378 36.6233 35.7602 34.9713 34.3526 33.9171 33.6461 33.5172 
37.2683 37.2709 37.1828 36.8888 36.3788 35.7621 35.1591 34.6469 34.2593 34.0039 33.8779 
37.1405 37.086 36.9384 36.6558 36.2411 35.7504 35.2559 34.8165 34.4692 34.2321 34.1126 
37.0673 36.9941 36.8291 36.5548 36.1794 35.7424 35.2975 34.8943 34.5688 34.3429 34.2277 
