1e+07 9.59869e+06 9.3249e+06 6.99605e+06 4.47496e+06 4.1434e+06 3.61231e+06 2.96997e+06 2.26545e+06 1.52584e+06 767154 10 
1e+07 9.47117e+06 9.05111e+06 6.99605e+06 4.80651e+06 4.34294e+06 3.72354e+06 3.03217e+06 2.30053e+06 1.54493e+06 775607 10 
1e+07 9.23488e+06 8.35726e+06 6.99605e+06 5.60163e+06 4.69832e+06 3.90675e+06 3.13463e+06 2.35958e+06 1.57773e+06 790336 10 
1e+07 9.11109e+06 8.147e+06 7.02926e+06 5.90563e+06 4.94197e+06 4.07051e+06 3.24001e+06 2.42541e+06 1.61608e+06 807998 10 
1e+07 9.06249e+06 8.09038e+06 7.06837e+06 6.04966e+06 5.0934e+06 4.19334e+06 3.32947e+06 2.486e+06 1.65319e+06 825562 10 
1e+07 9.04849e+06 8.08368e+06 7.10416e+06 6.13126e+06 5.18864e+06 4.27996e+06 3.39853e+06 2.53591e+06 1.68512e+06 841052 10 
1e+07 9.04778e+06 8.09167e+06 7.13335e+06 6.18255e+06 5.24995e+06 4.33932e+06 3.44879e+06 2.574e+06 1.71031e+06 853519 10 
1e+07 9.05097e+06 8.10188e+06 7.15502e+06 6.21566e+06 5.28928e+06 4.3786e+06 3.48328e+06 2.60101e+06 1.7286e+06 862703 10 
1e+07 9.05422e+06 8.10984e+06 7.16921e+06 6.23577e+06 5.3129e+06 4.40253e+06 3.50474e+06 2.61814e+06 1.74039e+06 868680 10 
1e+07 9.05609e+06 8.11404e+06 7.17619e+06 6.24533e+06 5.32403e+06 4.41385e+06 3.51501e+06 2.62643e+06 1.74615e+06 871612 10 
