10 10

0 0 -1 -1 
0 0 -1 -1 
0 0 -1 -1 
0 0 -1 -1 
0 0 -1 -1 
0 0 -1 -1 
0 0 -1 -1 
0 0 -1 -1 
0 0 -1 -1 
0 0 -1 -1 

0 0 -1 -1 
0 0 -1 -1 
0 0 -1 -1 
1 1 0.7 -1 
1 1 0.7 -1 
1 1 0.7 -1 
1 1 0.7 -1 
0 0 -1 -1 
0 0 -1 -1 
0 0 -1 -1 

0 0 -1 -1 
0 0 -1 -1 
1 1 0.7 -1 
0 1 -1 -1 
0 1 -1 -1 
0 1 -1 -1 
0 1 -1 -1 
1 1 0.7 -1 
0 0 -1 -1 
0 0 -1 -1 

0 0 -1 -1 
1 1 0.7 -1 
0 1 -1 -1 
0 1 -1 -1 
0 1 -1 -1 
0 1 -1 -1 
0 1 -1 -1 
0 1 -1 -1 
1 1 0.7 -1 
0 0 -1 -1 

0 0 -1 -1 
1 0 0.3 -1 
0 1 -1 -1 
0 1 -1 -1 
0 1 -1 -1 
0 1 -1 -1 
0 1 -1 -1 
0 1 -1 -1 
1 0 0.3 -1 
0 0 -1 -1 

0 0 -1 -1 
1 1 0.7 -1 
0 1 -1 -1 
0 1 -1 -1 
0 1 -1 -1 
0 1 -1 -1 
0 1 -1 -1 
0 1 -1 -1 
1 1 0.7 -1 
0 0 -1 -1 

0 0 -1 -1 
1 0 0.3 -1 
0 1 -1 -1 
0 1 -1 -1 
0 1 -1 -1 
0 1 -1 -1 
0 1 -1 -1 
0 1 -1 -1 
1 0 0.3 -1 
0 0 -1 -1 

0 0 -1 -1 
0 0 -1 -1 
1 0 0.3 -1 
0 1 -1 -1 
0 1 -1 -1 
0 1 -1 -1 
0 1 -1 -1 
1 0 0.3 -1 
0 0 -1 -1 
0 0 -1 -1 

0 0 -1 -1 
0 0 -1 -1 
0 0 -1 -1 
1 0 0.3 -1 
1 0 0.3 -1 
1 0 0.3 -1 
1 0 0.3 -1 
0 0 -1 -1 
0 0 -1 -1 
0 0 -1 -1 

0 0 -1 -1 
0 0 -1 -1 
0 0 -1 -1 
0 0 -1 -1 
0 0 -1 -1 
0 0 -1 -1 
0 0 -1 -1 
0 0 -1 -1 
0 0 -1 -1 
0 0 -1 -1 
