10 10
2.91557 2.94783 3.07342 3.05387 3.06516 3.03519 2.92436 2.90334 2.90872 2.90795 
2.97535 3.05462 2.93312 2.91194 2.98418 2.98752 3.02711 2.93838 2.96784 2.96355 
2.90843 2.93505 0.90457 1.06944 0.95432 0.95749 0.955841 1.0134 3.04635 2.91765 
2.92389 2.93288 1.09573 1.07153 1.05622 0.924054 1.08246 1.047 3.03105 3.05967 
2.95647 3.03166 0.94119 0.982007 1.08239 0.918442 1.01647 0.961261 2.98761 3.09864 
3.06446 3.01227 0.9567 0.961151 1.02264 1.09362 0.971004 0.95653 2.93179 2.90718 
2.95096 3.05684 0.925133 1.05256 0.907422 0.958054 1.06184 1.03563 3.04409 3.09846 
2.98063 3.02655 1.07293 1.09865 1.09476 1.08128 1.04284 1.09176 2.90018 2.94507 
3.05884 3.05458 2.92696 3.04141 3.02464 3.02459 3.03481 2.94332 3.03619 2.90311 
3.06687 2.93543 2.94856 2.96137 3.09518 2.97378 3.09171 2.95508 2.90104 2.90712 
