10000 9998.52 9072.06 9015.79 8961.45 8909.46 8860.32 8125 7441.63 6787.56 6148.38 5517.01 4890.71 4269.26 3653.63 3044.97 2443.97 1850.43 1263.32 680.892 100.928 100
10000 9998.48 9045.89 8984.94 8923.73 8864.02 8809.37 8073.04 7412.33 6772.66 6140.58 5511.93 4885.87 4263.45 3646.64 3037.33 2436.5 1844 1258.63 678.431 100.924 100
10000 9998.47 9042.45 8958.16 8861.98 8737.55 8620.42 7945.46 7362 6750.17 6129.36 5504.27 4877.38 4252.02 3632.17 3021.2 2420.7 1830.43 1248.79 673.274 100.916 100
10000 9999.09 9431.59 9121.75 8886.36 8722.33 8533.67 7931.77 7340.04 6736.66 6122.4 5498.42 4867.34 4235.07 3608.83 2994.61 2394.66 1808.24 1232.82 664.958 100.902 100
10000 9999.3 9563.08 9210.88 8906.29 8708.66 8472.75 7917.44 7329.72 6734.03 6125.17 5499.67 4858.5 4212.11 3573.45 2953.76 2355.07 1775.06 1209.3 652.831 100.883 100
10000 9999.38 9610.53 9252.4 8919.53 8697.39 8431.79 7905.14 7327.37 6744.57 6144.58 5516.58 4854.89 4181.41 3519.11 2891.89 2296.81 1727.63 1176.49 636.183 100.857 100
10000 9999.4 9627.27 9268.67 8925.84 8688.83 8407.15 7896.03 7330.03 6772.33 6191.97 5567.19 4863.08 4139.52 3429.69 2797.9 2212.65 1662.15 1132.84 614.559 100.822 100
10000 9999.41 9630.46 9269.18 8921.13 8596.5 8242.3 7805.23 7324.37 6822.74 6283.8 5697.13 4890.7 4083.89 3262.25 2657.34 2093.75 1575.48 1078.16 588.392 100.78 100
10000 9999.4 9625.98 9256.47 8892.99 8533.74 8160.32 7758.21 7339.5 6910.44 6423.37 6046.84 4918.72 4043.08 2878.09 2475.48 1929.51 1467.87 1015.92 560.071 100.735 100
10000 9999.39 9617.59 9237.71 8860.63 8485.15 8107.04 7727.77 7364.99 7056.16 6887.66 6745.74 5114.43 3679.55 2008.13 1859.48 1680.94 1350.57 957.581 535.237 100.695 100
10000 9999.37 9607.27 9216.16 8826.68 8439.17 8054.91 7680.86 7336.52 7061.55 6926.74 6805.14 5113.71 3552.54 1845.19 1721.71 1584.21 1295.89 928.595 522.602 100.675 100
10000 9999.35 9595.97 9192.98 8790.76 8389.96 7992.55 7604.25 7238.68 6926.79 6754.34 6610.45 4982.72 3571.73 1950.53 1808.29 1638.3 1320.17 938.311 525.902 100.68 100
10000 9999.34 9584.27 9169.03 8753.42 8337.37 7921.07 7504.92 7087.14 6652.61 6124.96 5741.22 4635 3801.13 2710.45 2338.85 1840.54 1408.17 978.58 542.015 100.706 100
10000 9999.32 9572.76 9145.44 8716.53 8285.02 7849.45 7407.2 6952.35 6471.54 5941.71 5372.3 4596.25 3831.52 3061.39 2498.7 1976.85 1493.39 1025.82 562.871 100.739 100
10000 9999.3 9562 9123.44 8682.24 8236.72 7784.53 7322.09 6843.52 6339.49 5798.03 5210.02 4546.16 3867.31 3204.87 2617.72 2074.78 1562.72 1068.45 582.905 100.771 100
10000 9999.29 9552.49 9104.08 8652.29 8195.08 7729.85 7253.11 6760.14 6244.89 5700.91 5123.59 4511.08 3886.69 3273.07 2692.54 2141.81 1614.27 1102.35 599.527 100.798 100
10000 9999.27 9544.6 9088.08 8627.76 8161.47 7686.67 7200.36 6699.05 6179.01 5637.12 5072.37 4487.85 3895.3 3308.16 2737.57 2185.66 1650.2 1127.14 612.057 100.818 100
10000 9999.26 9538.56 9075.89 8609.21 8136.36 7654.99 7162.62 6656.68 6134.97 5596.19 5040.92 4472.66 3898.51 3326.7 2763.94 2213.03 1673.74 1143.96 620.742 100.832 100
10000 9999.26 9534.49 9067.71 8596.84 8119.77 7634.34 7138.42 6630.1 6108 5571.73 5022.48 4463.36 3899.38 3336.18 2778.45 2228.8 1687.76 1154.22 626.119 100.84 100
10000 9999.25 9532.45 9063.6 8590.66 8111.53 7624.17 7126.63 6617.31 6095.19 5560.27 5013.89 4458.91 3899.49 3340.18 2784.87 2235.98 1694.26 1159.05 628.672 100.845 100
