10000 9680.65 9361.29 9041.94 8722.58 8403.23 8083.87 7764.52 7445.16 7125.81 6806.45 6487.1 6167.74 5848.39 5529.03 5209.68 4890.32 4570.97 4251.61 3932.26 3612.9 3293.55 2974.19 2654.84 2335.48 2016.13 1696.77 1377.42 1058.06 738.71 419.355 100 
10000 9680.65 9361.29 9041.94 8722.58 8403.23 8083.87 7764.52 7445.16 7125.81 6806.45 6487.1 6167.74 5848.39 5529.03 5209.68 4890.32 4570.97 4251.61 3932.26 3612.9 3293.55 2974.19 2654.84 2335.48 2016.13 1696.77 1377.42 1058.06 738.71 419.355 100 
10000 9680.65 9361.29 9041.94 8722.58 8403.23 8083.87 7764.52 7445.16 7125.81 6806.45 6487.1 6167.74 5848.39 5529.03 5209.68 4890.32 4570.97 4251.61 3932.26 3612.9 3293.55 2974.19 2654.84 2335.48 2016.13 1696.77 1377.42 1058.06 738.71 419.355 100 
10000 9680.65 9361.29 9041.94 8722.58 8403.23 8083.87 7764.52 7445.16 7125.81 6806.45 6487.1 6167.74 5848.39 5529.03 5209.68 4890.32 4570.97 4251.61 3932.26 3612.9 3293.55 2974.19 2654.84 2335.48 2016.13 1696.77 1377.42 1058.06 738.71 419.355 100 
10000 9680.65 9361.29 9041.94 8722.58 8403.23 8083.87 7764.52 7445.16 7125.81 6806.45 6487.1 6167.74 5848.39 5529.03 5209.68 4890.32 4570.97 4251.61 3932.26 3612.9 3293.55 2974.19 2654.84 2335.48 2016.13 1696.77 1377.42 1058.06 738.71 419.355 100 
10000 9680.65 9361.29 9041.94 8722.58 8403.23 8083.87 7764.52 7445.16 7125.81 6806.45 6487.1 6167.74 5848.39 5529.03 5209.68 4890.32 4570.97 4251.61 3932.26 3612.9 3293.55 2974.19 2654.84 2335.48 2016.13 1696.77 1377.42 1058.06 738.71 419.355 100 
10000 9680.65 9361.29 9041.94 8722.58 8403.23 8083.87 7764.52 7445.16 7125.81 6806.45 6487.1 6167.74 5848.39 5529.03 5209.68 4890.32 4570.97 4251.61 3932.26 3612.9 3293.55 2974.19 2654.84 2335.48 2016.13 1696.77 1377.42 1058.06 738.71 419.355 100 
10000 9680.65 9361.29 9041.94 8722.58 8403.23 8083.87 7764.52 7445.16 7125.81 6806.45 6487.1 6167.74 5848.39 5529.03 5209.68 4890.32 4570.97 4251.61 3932.26 3612.9 3293.55 2974.19 2654.84 2335.48 2016.13 1696.77 1377.42 1058.06 738.71 419.355 100 
10000 9680.65 9361.29 9041.94 8722.58 8403.23 8083.87 7764.52 7445.16 7125.81 6806.45 6487.1 6167.74 5848.39 5529.03 5209.68 4890.32 4570.97 4251.61 3932.26 3612.9 3293.55 2974.19 2654.84 2335.48 2016.13 1696.77 1377.42 1058.06 738.71 419.355 100 
10000 9680.65 9361.29 9041.94 8722.58 8403.23 8083.87 7764.52 7445.16 7125.81 6806.45 6487.1 6167.74 5848.39 5529.03 5209.68 4890.32 4570.97 4251.61 3932.26 3612.9 3293.55 2974.19 2654.84 2335.48 2016.13 1696.77 1377.42 1058.06 738.71 419.355 100 
10000 9680.65 9361.29 9041.94 8722.58 8403.23 8083.87 7764.52 7445.16 7125.81 6806.45 6487.1 6167.74 5848.39 5529.03 5209.68 4890.32 4570.97 4251.61 3932.26 3612.9 3293.55 2974.19 2654.84 2335.48 2016.13 1696.77 1377.42 1058.06 738.71 419.355 100 
10000 9680.65 9361.29 9041.94 8722.58 8403.23 8083.87 7764.52 7445.16 7125.81 6806.45 6487.1 6167.74 5848.39 5529.03 5209.68 4890.32 4570.97 4251.61 3932.26 3612.9 3293.55 2974.19 2654.84 2335.48 2016.13 1696.77 1377.42 1058.06 738.71 419.355 100 
10000 9680.65 9361.29 9041.94 8722.58 8403.23 8083.87 7764.52 7445.16 7125.81 6806.45 6487.1 6167.74 5848.39 5529.03 5209.68 4890.32 4570.97 4251.61 3932.26 3612.9 3293.55 2974.19 2654.84 2335.48 2016.13 1696.77 1377.42 1058.06 738.71 419.355 100 
10000 9680.65 9361.29 9041.94 8722.58 8403.23 8083.87 7764.52 7445.16 7125.81 6806.45 6487.1 6167.74 5848.39 5529.03 5209.68 4890.32 4570.97 4251.61 3932.26 3612.9 3293.55 2974.19 2654.84 2335.48 2016.13 1696.77 1377.42 1058.06 738.71 419.355 100 
10000 9680.65 9361.29 9041.94 8722.58 8403.23 8083.87 7764.52 7445.16 7125.81 6806.45 6487.1 6167.74 5848.39 5529.03 5209.68 4890.32 4570.97 4251.61 3932.26 3612.9 3293.55 2974.19 2654.84 2335.48 2016.13 1696.77 1377.42 1058.06 738.71 419.355 100 
10000 9680.65 9361.29 9041.94 8722.58 8403.23 8083.87 7764.52 7445.16 7125.81 6806.45 6487.1 6167.74 5848.39 5529.03 5209.68 4890.32 4570.97 4251.61 3932.26 3612.9 3293.55 2974.19 2654.84 2335.48 2016.13 1696.77 1377.42 1058.06 738.71 419.355 100 
10000 9680.65 9361.29 9041.94 8722.58 8403.23 8083.87 7764.52 7445.16 7125.81 6806.45 6487.1 6167.74 5848.39 5529.03 5209.68 4890.32 4570.97 4251.61 3932.26 3612.9 3293.55 2974.19 2654.84 2335.48 2016.13 1696.77 1377.42 1058.06 738.71 419.355 100 
10000 9680.65 9361.29 9041.94 8722.58 8403.23 8083.87 7764.52 7445.16 7125.81 6806.45 6487.1 6167.74 5848.39 5529.03 5209.68 4890.32 4570.97 4251.61 3932.26 3612.9 3293.55 2974.19 2654.84 2335.48 2016.13 1696.77 1377.42 1058.06 738.71 419.355 100 
10000 9680.65 9361.29 9041.94 8722.58 8403.23 8083.87 7764.52 7445.16 7125.81 6806.45 6487.1 6167.74 5848.39 5529.03 5209.68 4890.32 4570.97 4251.61 3932.26 3612.9 3293.55 2974.19 2654.84 2335.48 2016.13 1696.77 1377.42 1058.06 738.71 419.355 100 
10000 9680.65 9361.29 9041.94 8722.58 8403.23 8083.87 7764.52 7445.16 7125.81 6806.45 6487.1 6167.74 5848.39 5529.03 5209.68 4890.32 4570.97 4251.61 3932.26 3612.9 3293.55 2974.19 2654.84 2335.48 2016.13 1696.77 1377.42 1058.06 738.71 419.355 100 
10000 9680.65 9361.29 9041.94 8722.58 8403.23 8083.87 7764.52 7445.16 7125.81 6806.45 6487.1 6167.74 5848.39 5529.03 5209.68 4890.32 4570.97 4251.61 3932.26 3612.9 3293.55 2974.19 2654.84 2335.48 2016.13 1696.77 1377.42 1058.06 738.71 419.355 100 
10000 9680.65 9361.29 9041.94 8722.58 8403.23 8083.87 7764.52 7445.16 7125.81 6806.45 6487.1 6167.74 5848.39 5529.03 5209.68 4890.32 4570.97 4251.61 3932.26 3612.9 3293.55 2974.19 2654.84 2335.48 2016.13 1696.77 1377.42 1058.06 738.71 419.355 100 
10000 9680.65 9361.29 9041.94 8722.58 8403.23 8083.87 7764.52 7445.16 7125.81 6806.45 6487.1 6167.74 5848.39 5529.03 5209.68 4890.32 4570.97 4251.61 3932.26 3612.9 3293.55 2974.19 2654.84 2335.48 2016.13 1696.77 1377.42 1058.06 738.71 419.355 100 
10000 9680.65 9361.29 9041.94 8722.58 8403.23 8083.87 7764.52 7445.16 7125.81 6806.45 6487.1 6167.74 5848.39 5529.03 5209.68 4890.32 4570.97 4251.61 3932.26 3612.9 3293.55 2974.19 2654.84 2335.48 2016.13 1696.77 1377.42 1058.06 738.71 419.355 100 
10000 9680.65 9361.29 9041.94 8722.58 8403.23 8083.87 7764.52 7445.16 7125.81 6806.45 6487.1 6167.74 5848.39 5529.03 5209.68 4890.32 4570.97 4251.61 3932.26 3612.9 3293.55 2974.19 2654.84 2335.48 2016.13 1696.77 1377.42 1058.06 738.71 419.355 100 
10000 9680.65 9361.29 9041.94 8722.58 8403.23 8083.87 7764.52 7445.16 7125.81 6806.45 6487.1 6167.74 5848.39 5529.03 5209.68 4890.32 4570.97 4251.61 3932.26 3612.9 3293.55 2974.19 2654.84 2335.48 2016.13 1696.77 1377.42 1058.06 738.71 419.355 100 
10000 9680.65 9361.29 9041.94 8722.58 8403.23 8083.87 7764.52 7445.16 7125.81 6806.45 6487.1 6167.74 5848.39 5529.03 5209.68 4890.32 4570.97 4251.61 3932.26 3612.9 3293.55 2974.19 2654.84 2335.48 2016.13 1696.77 1377.42 1058.06 738.71 419.355 100 
10000 9680.65 9361.29 9041.94 8722.58 8403.23 8083.87 7764.52 7445.16 7125.81 6806.45 6487.1 6167.74 5848.39 5529.03 5209.68 4890.32 4570.97 4251.61 3932.26 3612.9 3293.55 2974.19 2654.84 2335.48 2016.13 1696.77 1377.42 1058.06 738.71 419.355 100 
10000 9680.65 9361.29 9041.94 8722.58 8403.23 8083.87 7764.52 7445.16 7125.81 6806.45 6487.1 6167.74 5848.39 5529.03 5209.68 4890.32 4570.97 4251.61 3932.26 3612.9 3293.55 2974.19 2654.84 2335.48 2016.13 1696.77 1377.42 1058.06 738.71 419.355 100 
10000 9680.65 9361.29 9041.94 8722.58 8403.23 8083.87 7764.52 7445.16 7125.81 6806.45 6487.1 6167.74 5848.39 5529.03 5209.68 4890.32 4570.97 4251.61 3932.26 3612.9 3293.55 2974.19 2654.84 2335.48 2016.13 1696.77 1377.42 1058.06 738.71 419.355 100 
