NxN-grid-size 20
multiplier 0.001
leak-radius 10

2 2 2 2 2 2 2 2 2 2 2 2 2 2 2 2 2 2 2 2 
2 2 2 2 2 2 2 2 2 2 2 2 2 2 2 2 2 2 2 2 
2 2 2 4 4 4 4 2 2 2 2 2 2 2 2 2 2 2 2 2 
2 2 2 4 4 4 4 2 2 2 2 2 2 2 2 2 2 2 2 2 
2 2 2 4 4 4 4 2 2 2 2 2 2 2 2 2 2 2 2 2 
2 2 2 4 4 4 4 2 2 2 2 2 2 2 2 2 2 2 2 2 
2 2 2 2 2 2 2 2 2 2 2 2 2 2 2 2 2 2 2 2 
2 2 2 2 2 2 2 2 2 2 2 2 2 2 2 2 2 2 2 2 
2 2 2 2 2 2 2 2 2 1 1 1 1 1 1 2 2 2 2 2 
2 2 2 2 2 2 2 2 2 1 1 1 1 1 1 2 2 2 2 2 
2 2 2 2 2 2 2 2 2 1 1 1 1 1 1 2 2 2 2 2 
2 2 2 2 2 2 2 2 2 1 1 1 1 1 1 2 2 2 2 2 
2 2 2 2 2 2 2 2 2 2 2 2 2 2 2 2 2 2 2 2 
2 2 2 2 2 2 2 2 2 2 2 2 2 2 2 2 2 2 2 2 
2 2 2 2 2 2 2 2 2 2 2 2 2 2 2 2 2 2 2 2 
2 2 2 2 2 2 2 2 2 2 2 2 2 2 2 2 2 2 2 2 
2 2 2 2 2 2 2 2 2 2 2 2 2 2 2 2 2 2 2 2 
2 2 2 2 2 2 2 2 2 2 2 2 2 2 2 2 2 2 2 2 
2 2 2 2 2 2 2 2 2 2 2 2 2 2 2 2 2 2 2 2 

2 4 4 4 4 2 2 2 2 2 2 2 2 2 2 2 2 2 2 
2 4 4 4 4 2 2 2 2 2 2 2 2 2 2 2 2 2 2 
2 4 4 4 4 2 2 2 2 2 2 2 2 2 2 2 2 2 2 
2 2 2 2 2 2 2 2 2 2 2 2 2 2 2 2 2 2 2 
2 2 2 2 2 2 2 2 2 2 2 2 2 2 2 2 2 2 2 
2 2 2 2 2 2 2 2 2 2 2 2 2 2 2 2 2 2 2 
2 2 2 2 2 2 2 2 2 2 2 2 2 2 2 2 2 2 2 
2 2 2 2 2 2 2 2 2 2 2 2 2 2 2 2 2 2 2 
2 2 2 2 2 2 2 2 2 2 1 1 1 2 2 2 2 2 2 
2 2 2 2 2 2 2 2 2 2 1 1 1 2 2 2 2 2 2 
2 2 2 2 2 2 2 2 2 2 1 1 1 2 2 2 2 2 2 
2 2 2 2 2 2 2 2 2 2 1 1 1 2 2 2 2 2 2 
2 2 2 2 2 2 2 2 2 2 1 1 1 2 2 2 2 2 2 
2 2 2 2 2 2 2 2 2 2 2 2 2 2 2 2 2 2 2 
2 2 2 2 2 2 2 2 2 2 2 2 2 2 2 2 2 2 2 
2 2 2 2 2 2 2 2 2 2 2 2 2 2 2 2 2 2 2 
2 2 2 2 2 2 2 2 2 2 2 2 2 2 2 2 2 2 2 
2 2 2 2 2 2 2 2 2 2 2 2 2 2 2 2 2 2 2 
2 2 2 2 2 2 2 2 2 2 2 2 2 2 2 2 2 2 2 
2 2 2 2 2 2 2 2 2 2 2 2 2 2 2 2 2 2 2 
