10000 9984.19 9731.15 9478.12 9225.08 8972.04 8719.01 8465.97 8212.94 7959.9 7706.87 7453.83 7200.8 6947.76 6694.73 6441.69 6188.66 5935.62 5682.59 5429.55 5176.52 4923.48 4670.45 4417.41 4164.38 3911.34 3658.31 3405.27 3152.24 2899.2 2646.17 2393.13 2140.1 1887.06 1634.03 1380.99 1127.96 874.92 621.885 368.85 115.815 100
10000 9984.19 9731.15 9478.12 9225.08 8972.04 8719.01 8465.97 8212.94 7959.9 7706.87 7453.83 7200.8 6947.76 6694.73 6441.69 6188.66 5935.62 5682.59 5429.55 5176.52 4923.48 4670.45 4417.41 4164.38 3911.34 3658.31 3405.27 3152.24 2899.2 2646.17 2393.13 2140.1 1887.06 1634.03 1380.99 1127.96 874.92 621.885 368.85 115.815 100
10000 9984.19 9731.15 9478.12 9225.08 8972.04 8719.01 8465.97 8212.94 7959.9 7706.87 7453.83 7200.8 6947.76 6694.73 6441.69 6188.66 5935.62 5682.59 5429.55 5176.52 4923.48 4670.45 4417.41 4164.38 3911.34 3658.31 3405.27 3152.24 2899.2 2646.17 2393.13 2140.1 1887.06 1634.03 1380.99 1127.96 874.92 621.885 368.85 115.815 100
10000 9984.19 9731.15 9478.12 9225.08 8972.04 8719.01 8465.97 8212.94 7959.9 7706.87 7453.83 7200.8 6947.76 6694.73 6441.69 6188.66 5935.62 5682.59 5429.55 5176.52 4923.48 4670.45 4417.41 4164.38 3911.34 3658.31 3405.27 3152.24 2899.2 2646.17 2393.13 2140.1 1887.06 1634.03 1380.99 1127.96 874.92 621.885 368.85 115.815 100
10000 9984.19 9731.15 9478.12 9225.08 8972.04 8719.01 8465.97 8212.94 7959.9 7706.87 7453.83 7200.8 6947.76 6694.73 6441.69 6188.66 5935.62 5682.59 5429.55 5176.52 4923.48 4670.45 4417.41 4164.38 3911.34 3658.31 3405.27 3152.24 2899.2 2646.17 2393.13 2140.1 1887.06 1634.03 1380.99 1127.96 874.92 621.885 368.85 115.815 100
10000 9984.19 9731.15 9478.12 9225.08 8972.04 8719.01 8465.97 8212.94 7959.9 7706.87 7453.83 7200.8 6947.76 6694.73 6441.69 6188.66 5935.62 5682.59 5429.55 5176.52 4923.48 4670.45 4417.41 4164.38 3911.34 3658.31 3405.27 3152.24 2899.2 2646.17 2393.13 2140.1 1887.06 1634.03 1380.99 1127.96 874.92 621.885 368.85 115.815 100
10000 9984.19 9731.15 9478.12 9225.08 8972.04 8719.01 8465.97 8212.94 7959.9 7706.87 7453.83 7200.8 6947.76 6694.73 6441.69 6188.66 5935.62 5682.59 5429.55 5176.52 4923.48 4670.45 4417.41 4164.38 3911.34 3658.31 3405.27 3152.24 2899.2 2646.17 2393.13 2140.1 1887.06 1634.03 1380.99 1127.96 874.92 621.885 368.85 115.815 100
10000 9984.19 9731.15 9478.12 9225.08 8972.04 8719.01 8465.97 8212.94 7959.9 7706.87 7453.83 7200.8 6947.76 6694.73 6441.69 6188.66 5935.62 5682.59 5429.55 5176.52 4923.48 4670.45 4417.41 4164.38 3911.34 3658.31 3405.27 3152.24 2899.2 2646.17 2393.13 2140.1 1887.06 1634.03 1380.99 1127.96 874.92 621.885 368.85 115.815 100
10000 9984.19 9731.15 9478.12 9225.08 8972.04 8719.01 8465.97 8212.94 7959.9 7706.87 7453.83 7200.8 6947.76 6694.73 6441.69 6188.66 5935.62 5682.59 5429.55 5176.52 4923.48 4670.45 4417.41 4164.38 3911.34 3658.31 3405.27 3152.24 2899.2 2646.17 2393.13 2140.1 1887.06 1634.03 1380.99 1127.96 874.92 621.885 368.85 115.815 100
10000 9984.19 9731.15 9478.12 9225.08 8972.04 8719.01 8465.97 8212.94 7959.9 7706.87 7453.83 7200.8 6947.76 6694.73 6441.69 6188.66 5935.62 5682.59 5429.55 5176.52 4923.48 4670.45 4417.41 4164.38 3911.34 3658.31 3405.27 3152.24 2899.2 2646.17 2393.13 2140.1 1887.06 1634.03 1380.99 1127.96 874.92 621.885 368.85 115.815 100
10000 9984.19 9731.15 9478.12 9225.08 8972.04 8719.01 8465.97 8212.94 7959.9 7706.87 7453.83 7200.8 6947.76 6694.73 6441.69 6188.66 5935.62 5682.59 5429.55 5176.52 4923.48 4670.45 4417.41 4164.38 3911.34 3658.31 3405.27 3152.24 2899.2 2646.17 2393.13 2140.1 1887.06 1634.03 1380.99 1127.96 874.92 621.885 368.85 115.815 100
10000 9984.19 9731.15 9478.12 9225.08 8972.04 8719.01 8465.97 8212.94 7959.9 7706.87 7453.83 7200.8 6947.76 6694.73 6441.69 6188.66 5935.62 5682.59 5429.55 5176.52 4923.48 4670.45 4417.41 4164.38 3911.34 3658.31 3405.27 3152.24 2899.2 2646.17 2393.13 2140.1 1887.06 1634.03 1380.99 1127.96 874.92 621.885 368.85 115.815 100
10000 9984.19 9731.15 9478.12 9225.08 8972.04 8719.01 8465.97 8212.94 7959.9 7706.87 7453.83 7200.8 6947.76 6694.73 6441.69 6188.66 5935.62 5682.59 5429.55 5176.52 4923.48 4670.45 4417.41 4164.38 3911.34 3658.31 3405.27 3152.24 2899.2 2646.17 2393.13 2140.1 1887.06 1634.03 1380.99 1127.96 874.92 621.885 368.85 115.815 100
10000 9984.19 9731.15 9478.12 9225.08 8972.04 8719.01 8465.97 8212.94 7959.9 7706.87 7453.83 7200.8 6947.76 6694.73 6441.69 6188.66 5935.62 5682.59 5429.55 5176.52 4923.48 4670.45 4417.41 4164.38 3911.34 3658.31 3405.27 3152.24 2899.2 2646.17 2393.13 2140.1 1887.06 1634.03 1380.99 1127.96 874.92 621.885 368.85 115.815 100
10000 9984.19 9731.15 9478.12 9225.08 8972.04 8719.01 8465.97 8212.94 7959.9 7706.87 7453.83 7200.8 6947.76 6694.73 6441.69 6188.66 5935.62 5682.59 5429.55 5176.52 4923.48 4670.45 4417.41 4164.38 3911.34 3658.31 3405.27 3152.24 2899.2 2646.17 2393.13 2140.1 1887.06 1634.03 1380.99 1127.96 874.92 621.885 368.85 115.815 100
10000 9984.19 9731.15 9478.12 9225.08 8972.04 8719.01 8465.97 8212.94 7959.9 7706.87 7453.83 7200.8 6947.76 6694.73 6441.69 6188.66 5935.62 5682.59 5429.55 5176.52 4923.48 4670.45 4417.41 4164.38 3911.34 3658.31 3405.27 3152.24 2899.2 2646.17 2393.13 2140.1 1887.06 1634.03 1380.99 1127.96 874.92 621.885 368.85 115.815 100
10000 9984.19 9731.15 9478.12 9225.08 8972.04 8719.01 8465.97 8212.94 7959.9 7706.87 7453.83 7200.8 6947.76 6694.73 6441.69 6188.66 5935.62 5682.59 5429.55 5176.52 4923.48 4670.45 4417.41 4164.38 3911.34 3658.31 3405.27 3152.24 2899.2 2646.17 2393.13 2140.1 1887.06 1634.03 1380.99 1127.96 874.92 621.885 368.85 115.815 100
10000 9984.19 9731.15 9478.12 9225.08 8972.04 8719.01 8465.97 8212.94 7959.9 7706.87 7453.83 7200.8 6947.76 6694.73 6441.69 6188.66 5935.62 5682.59 5429.55 5176.52 4923.48 4670.45 4417.41 4164.38 3911.34 3658.31 3405.27 3152.24 2899.2 2646.17 2393.13 2140.1 1887.06 1634.03 1380.99 1127.96 874.92 621.885 368.85 115.815 100
10000 9984.19 9731.15 9478.12 9225.08 8972.04 8719.01 8465.97 8212.94 7959.9 7706.87 7453.83 7200.8 6947.76 6694.73 6441.69 6188.66 5935.62 5682.59 5429.55 5176.52 4923.48 4670.45 4417.41 4164.38 3911.34 3658.31 3405.27 3152.24 2899.2 2646.17 2393.13 2140.1 1887.06 1634.03 1380.99 1127.96 874.92 621.885 368.85 115.815 100
10000 9984.19 9731.15 9478.12 9225.08 8972.04 8719.01 8465.97 8212.94 7959.9 7706.87 7453.83 7200.8 6947.76 6694.73 6441.69 6188.66 5935.62 5682.59 5429.55 5176.52 4923.48 4670.45 4417.41 4164.38 3911.34 3658.31 3405.27 3152.24 2899.2 2646.17 2393.13 2140.1 1887.06 1634.03 1380.99 1127.96 874.92 621.885 368.85 115.815 100
10000 9984.19 9731.15 9478.12 9225.08 8972.04 8719.01 8465.97 8212.94 7959.9 7706.87 7453.83 7200.8 6947.76 6694.73 6441.69 6188.66 5935.62 5682.59 5429.55 5176.52 4923.48 4670.45 4417.41 4164.38 3911.34 3658.31 3405.27 3152.24 2899.2 2646.17 2393.13 2140.1 1887.06 1634.03 1380.99 1127.96 874.92 621.885 368.85 115.815 100
10000 9984.19 9731.15 9478.12 9225.08 8972.04 8719.01 8465.97 8212.94 7959.9 7706.87 7453.83 7200.8 6947.76 6694.73 6441.69 6188.66 5935.62 5682.59 5429.55 5176.52 4923.48 4670.45 4417.41 4164.38 3911.34 3658.31 3405.27 3152.24 2899.2 2646.17 2393.13 2140.1 1887.06 1634.03 1380.99 1127.96 874.92 621.885 368.85 115.815 100
10000 9984.19 9731.15 9478.12 9225.08 8972.04 8719.01 8465.97 8212.94 7959.9 7706.87 7453.83 7200.8 6947.76 6694.73 6441.69 6188.66 5935.62 5682.59 5429.55 5176.52 4923.48 4670.45 4417.41 4164.38 3911.34 3658.31 3405.27 3152.24 2899.2 2646.17 2393.13 2140.1 1887.06 1634.03 1380.99 1127.96 874.92 621.885 368.85 115.815 100
10000 9984.19 9731.15 9478.12 9225.08 8972.04 8719.01 8465.97 8212.94 7959.9 7706.87 7453.83 7200.8 6947.76 6694.73 6441.69 6188.66 5935.62 5682.59 5429.55 5176.52 4923.48 4670.45 4417.41 4164.38 3911.34 3658.31 3405.27 3152.24 2899.2 2646.17 2393.13 2140.1 1887.06 1634.03 1380.99 1127.96 874.92 621.885 368.85 115.815 100
10000 9984.19 9731.15 9478.12 9225.08 8972.04 8719.01 8465.97 8212.94 7959.9 7706.87 7453.83 7200.8 6947.76 6694.73 6441.69 6188.66 5935.62 5682.59 5429.55 5176.52 4923.48 4670.45 4417.41 4164.38 3911.34 3658.31 3405.27 3152.24 2899.2 2646.17 2393.13 2140.1 1887.06 1634.03 1380.99 1127.96 874.92 621.885 368.85 115.815 100
10000 9984.19 9731.15 9478.12 9225.08 8972.04 8719.01 8465.97 8212.94 7959.9 7706.87 7453.83 7200.8 6947.76 6694.73 6441.69 6188.66 5935.62 5682.59 5429.55 5176.52 4923.48 4670.45 4417.41 4164.38 3911.34 3658.31 3405.27 3152.24 2899.2 2646.17 2393.13 2140.1 1887.06 1634.03 1380.99 1127.96 874.92 621.885 368.85 115.815 100
10000 9984.19 9731.15 9478.12 9225.08 8972.04 8719.01 8465.97 8212.94 7959.9 7706.87 7453.83 7200.8 6947.76 6694.73 6441.69 6188.66 5935.62 5682.59 5429.55 5176.52 4923.48 4670.45 4417.41 4164.38 3911.34 3658.31 3405.27 3152.24 2899.2 2646.17 2393.13 2140.1 1887.06 1634.03 1380.99 1127.96 874.92 621.885 368.85 115.815 100
10000 9984.19 9731.15 9478.12 9225.08 8972.04 8719.01 8465.97 8212.94 7959.9 7706.87 7453.83 7200.8 6947.76 6694.73 6441.69 6188.66 5935.62 5682.59 5429.55 5176.52 4923.48 4670.45 4417.41 4164.38 3911.34 3658.31 3405.27 3152.24 2899.2 2646.17 2393.13 2140.1 1887.06 1634.03 1380.99 1127.96 874.92 621.885 368.85 115.815 100
10000 9984.19 9731.15 9478.12 9225.08 8972.04 8719.01 8465.97 8212.94 7959.9 7706.87 7453.83 7200.8 6947.76 6694.73 6441.69 6188.66 5935.62 5682.59 5429.55 5176.52 4923.48 4670.45 4417.41 4164.38 3911.34 3658.31 3405.27 3152.24 2899.2 2646.17 2393.13 2140.1 1887.06 1634.03 1380.99 1127.96 874.92 621.885 368.85 115.815 100
10000 9984.19 9731.15 9478.12 9225.08 8972.04 8719.01 8465.97 8212.94 7959.9 7706.87 7453.83 7200.8 6947.76 6694.73 6441.69 6188.66 5935.62 5682.59 5429.55 5176.52 4923.48 4670.45 4417.41 4164.38 3911.34 3658.31 3405.27 3152.24 2899.2 2646.17 2393.13 2140.1 1887.06 1634.03 1380.99 1127.96 874.92 621.885 368.85 115.815 100
10000 9984.19 9731.15 9478.12 9225.08 8972.04 8719.01 8465.97 8212.94 7959.9 7706.87 7453.83 7200.8 6947.76 6694.73 6441.69 6188.66 5935.62 5682.59 5429.55 5176.52 4923.48 4670.45 4417.41 4164.38 3911.34 3658.31 3405.27 3152.24 2899.2 2646.17 2393.13 2140.1 1887.06 1634.03 1380.99 1127.96 874.92 621.885 368.85 115.815 100
10000 9984.19 9731.15 9478.12 9225.08 8972.04 8719.01 8465.97 8212.94 7959.9 7706.87 7453.83 7200.8 6947.76 6694.73 6441.69 6188.66 5935.62 5682.59 5429.55 5176.52 4923.48 4670.45 4417.41 4164.38 3911.34 3658.31 3405.27 3152.24 2899.2 2646.17 2393.13 2140.1 1887.06 1634.03 1380.99 1127.96 874.92 621.885 368.85 115.815 100
10000 9984.19 9731.15 9478.12 9225.08 8972.04 8719.01 8465.97 8212.94 7959.9 7706.87 7453.83 7200.8 6947.76 6694.73 6441.69 6188.66 5935.62 5682.59 5429.55 5176.52 4923.48 4670.45 4417.41 4164.38 3911.34 3658.31 3405.27 3152.24 2899.2 2646.17 2393.13 2140.1 1887.06 1634.03 1380.99 1127.96 874.92 621.885 368.85 115.815 100
10000 9984.19 9731.15 9478.12 9225.08 8972.04 8719.01 8465.97 8212.94 7959.9 7706.87 7453.83 7200.8 6947.76 6694.73 6441.69 6188.66 5935.62 5682.59 5429.55 5176.52 4923.48 4670.45 4417.41 4164.38 3911.34 3658.31 3405.27 3152.24 2899.2 2646.17 2393.13 2140.1 1887.06 1634.03 1380.99 1127.96 874.92 621.885 368.85 115.815 100
10000 9984.19 9731.15 9478.12 9225.08 8972.04 8719.01 8465.97 8212.94 7959.9 7706.87 7453.83 7200.8 6947.76 6694.73 6441.69 6188.66 5935.62 5682.59 5429.55 5176.52 4923.48 4670.45 4417.41 4164.38 3911.34 3658.31 3405.27 3152.24 2899.2 2646.17 2393.13 2140.1 1887.06 1634.03 1380.99 1127.96 874.92 621.885 368.85 115.815 100
10000 9984.19 9731.15 9478.12 9225.08 8972.04 8719.01 8465.97 8212.94 7959.9 7706.87 7453.83 7200.8 6947.76 6694.73 6441.69 6188.66 5935.62 5682.59 5429.55 5176.52 4923.48 4670.45 4417.41 4164.38 3911.34 3658.31 3405.27 3152.24 2899.2 2646.17 2393.13 2140.1 1887.06 1634.03 1380.99 1127.96 874.92 621.885 368.85 115.815 100
10000 9984.19 9731.15 9478.12 9225.08 8972.04 8719.01 8465.97 8212.94 7959.9 7706.87 7453.83 7200.8 6947.76 6694.73 6441.69 6188.66 5935.62 5682.59 5429.55 5176.52 4923.48 4670.45 4417.41 4164.38 3911.34 3658.31 3405.27 3152.24 2899.2 2646.17 2393.13 2140.1 1887.06 1634.03 1380.99 1127.96 874.92 621.885 368.85 115.815 100
10000 9984.19 9731.15 9478.12 9225.08 8972.04 8719.01 8465.97 8212.94 7959.9 7706.87 7453.83 7200.8 6947.76 6694.73 6441.69 6188.66 5935.62 5682.59 5429.55 5176.52 4923.48 4670.45 4417.41 4164.38 3911.34 3658.31 3405.27 3152.24 2899.2 2646.17 2393.13 2140.1 1887.06 1634.03 1380.99 1127.96 874.92 621.885 368.85 115.815 100
10000 9984.19 9731.15 9478.12 9225.08 8972.04 8719.01 8465.97 8212.94 7959.9 7706.87 7453.83 7200.8 6947.76 6694.73 6441.69 6188.66 5935.62 5682.59 5429.55 5176.52 4923.48 4670.45 4417.41 4164.38 3911.34 3658.31 3405.27 3152.24 2899.2 2646.17 2393.13 2140.1 1887.06 1634.03 1380.99 1127.96 874.92 621.885 368.85 115.815 100
10000 9984.19 9731.15 9478.12 9225.08 8972.04 8719.01 8465.97 8212.94 7959.9 7706.87 7453.83 7200.8 6947.76 6694.73 6441.69 6188.66 5935.62 5682.59 5429.55 5176.52 4923.48 4670.45 4417.41 4164.38 3911.34 3658.31 3405.27 3152.24 2899.2 2646.17 2393.13 2140.1 1887.06 1634.03 1380.99 1127.96 874.92 621.885 368.85 115.815 100
