-4.28589e-20 -7.14315e-21 -2.14295e-20 3.57158e-20 7.14315e-21 -7.14315e-21 -4.28589e-20 -7.14315e-21 2.85726e-20 -1.07147e-20 -2.5001e-20 -7.14315e-21 -5.35737e-20 3.21442e-20 4.28589e-20 2.85726e-20 -1.42863e-20 0 1.78579e-21 -3.57158e-21 1.96437e-20 3.75016e-20 8.92894e-21 -5.35737e-21 3.57158e-21 1.6965e-20 1.33934e-20 -3.57158e-21 -4.46447e-22 -1.33934e-21 
-2.85726e-20 5.71452e-20 3.57158e-20 -7.14315e-21 7.14315e-21 -2.5001e-20 7.50031e-20 -6.42884e-20 -3.57158e-20 3.92874e-20 -1.07147e-20 -2.14295e-20 1.78579e-20 -6.07168e-20 -4.64305e-20 -2.85726e-20 7.14315e-21 -1.07147e-20 -8.92894e-21 5.35737e-21 -7.14315e-21 -7.14315e-21 -8.92894e-21 1.07147e-20 2.67868e-21 -1.16076e-20 -2.67868e-21 -2.67868e-21 -2.23224e-21 2.90191e-21 
5.00021e-20 2.85726e-20 -6.42884e-20 7.14315e-21 -7.14315e-21 0 3.57158e-21 2.85726e-20 7.14315e-21 -1.07147e-20 3.57158e-20 1.07147e-20 -2.14295e-20 2.5001e-20 1.78579e-20 -6.07168e-20 0 7.14315e-21 -2.32153e-20 1.25005e-20 -1.60721e-20 -2.14295e-20 -8.92894e-21 -1.78579e-20 -8.03605e-21 8.03605e-21 -2.67868e-21 -3.57158e-21 7.5896e-21 4.46447e-22 
-3.57158e-20 -2.85726e-20 4.28589e-20 -5.71452e-20 2.85726e-20 3.92874e-20 -4.64305e-20 0 2.85726e-20 -3.57158e-21 7.14315e-21 1.42863e-20 1.78579e-20 -3.57158e-21 -5.00021e-20 2.85726e-20 -7.14315e-21 -7.14315e-21 1.78579e-21 -3.393e-20 5.35737e-21 1.07147e-20 1.25005e-20 1.78579e-21 -1.78579e-21 -1.16076e-20 -8.03605e-21 4.46447e-21 -5.35737e-21 -3.34835e-21 
5.00021e-20 -7.14315e-21 -7.14315e-21 9.2861e-20 -2.85726e-20 -2.85726e-20 -2.85726e-20 3.57158e-20 1.78579e-20 6.786e-20 -7.14315e-21 -1.07147e-20 -5.00021e-20 -2.5001e-20 2.5001e-20 2.14295e-20 -3.57158e-21 -7.14315e-21 2.32153e-20 7.14315e-21 3.57158e-21 1.78579e-21 -1.78579e-21 0 -2.67868e-21 -1.60721e-20 2.67868e-21 -8.92894e-21 -4.91092e-21 4.46447e-22 
6.42884e-20 2.85726e-20 0 -2.85726e-20 -5.00021e-20 3.57158e-21 1.78579e-20 1.42863e-20 -2.14295e-20 3.57158e-21 -1.42863e-20 -1.42863e-20 3.92874e-20 1.42863e-20 -3.57158e-21 -1.07147e-20 -7.14315e-21 -7.14315e-21 -2.14295e-20 -5.35737e-21 -1.96437e-20 8.92894e-21 -1.96437e-20 1.78579e-21 1.78579e-21 8.92894e-21 -2.67868e-21 -8.92894e-22 -3.12513e-21 4.46447e-22 
-1.57149e-19 -5.00021e-20 6.42884e-20 -1.42863e-20 2.14295e-20 1.07147e-20 4.64305e-20 -9.64326e-20 -3.92874e-20 -4.64305e-20 -7.14315e-21 2.5001e-20 -3.57158e-21 -1.42863e-20 2.14295e-20 3.57158e-21 0 -2.5001e-20 -5.35737e-21 -3.57158e-21 -8.92894e-21 -2.85726e-20 8.92894e-21 0 -8.92894e-21 5.35737e-21 -8.92894e-22 5.35737e-21 6.69671e-21 -8.92894e-22 
1.00004e-19 -7.85747e-20 -8.57179e-20 -8.57179e-20 5.00021e-20 3.57158e-21 -1.78579e-20 6.07168e-20 -1.07147e-20 -3.57158e-21 7.14315e-21 -1.07147e-20 -2.85726e-20 -1.07147e-20 -3.57158e-21 -2.85726e-20 -3.57158e-21 2.85726e-20 -1.42863e-20 -8.92894e-21 2.32153e-20 1.42863e-20 -7.14315e-21 -5.35737e-21 0 -5.35737e-21 -3.57158e-21 -4.46447e-21 -4.01802e-21 -1.11612e-21 
-3.57158e-20 5.71452e-20 5.71452e-20 1.00004e-19 0 -1.78579e-20 1.42863e-20 -4.28589e-20 4.28589e-20 3.57158e-21 0 -3.21442e-20 -1.78579e-20 3.57158e-20 -2.85726e-20 -1.07147e-20 -7.14315e-21 -3.57158e-21 2.5001e-20 3.57158e-21 -3.57158e-21 -1.25005e-20 1.42863e-20 8.92894e-21 3.57158e-21 -2.67868e-21 -2.67868e-21 -4.46447e-21 -4.91092e-21 0 
1.57149e-19 3.57158e-20 7.14315e-21 -4.28589e-20 -7.14315e-21 4.28589e-20 -2.14295e-20 7.14315e-21 -7.14315e-20 -2.14295e-20 -1.07147e-20 1.07147e-20 2.85726e-20 -1.42863e-20 2.5001e-20 4.64305e-20 -1.42863e-20 3.57158e-21 -7.14315e-21 1.42863e-20 -3.57158e-21 8.92894e-21 -1.60721e-20 -1.42863e-20 -5.35737e-21 -8.03605e-21 -1.78579e-21 -8.92894e-22 1.33934e-21 6.69671e-22 
3.57158e-20 2.14295e-20 -6.42884e-20 5.00021e-20 5.00021e-20 1.42863e-20 4.64305e-20 1.78579e-20 6.07168e-20 3.57158e-21 -6.07168e-20 7.14315e-21 -7.14315e-21 7.14315e-21 1.07147e-20 -3.57158e-21 2.14295e-20 -3.57158e-21 5.35737e-21 1.07147e-20 1.78579e-21 -8.92894e-21 1.07147e-20 8.92894e-21 1.78579e-21 6.25026e-21 3.57158e-21 4.46447e-21 2.67868e-21 4.46447e-22 
-1.92865e-19 -1.42863e-20 9.2861e-20 1.42863e-20 1.42863e-20 -7.14315e-21 3.21442e-20 3.57158e-20 -1.42863e-20 -1.42863e-20 5.71452e-20 2.85726e-20 5.35737e-20 3.21442e-20 -7.14315e-21 -7.14315e-21 -3.21442e-20 -2.5001e-20 1.60721e-20 -1.78579e-20 -8.92894e-21 -7.14315e-21 -1.60721e-20 -1.42863e-20 -4.46447e-21 7.14315e-21 8.92894e-22 8.92894e-22 -1.33934e-21 -2.90191e-21 
9.2861e-20 4.28589e-20 -2.14295e-20 -3.57158e-20 3.57158e-20 0 -3.92874e-20 -7.14315e-21 5.71452e-20 3.57158e-20 3.92874e-20 -7.14315e-21 -1.42863e-20 -1.42863e-20 2.14295e-20 -7.14315e-21 1.07147e-20 1.42863e-20 -1.60721e-20 1.78579e-21 3.57158e-21 3.57158e-21 -5.35737e-21 3.57158e-21 -4.46447e-21 -4.46447e-21 1.78579e-21 2.67868e-21 4.01802e-21 2.90191e-21 
-1.00004e-19 -5.71452e-20 -6.42884e-20 7.14315e-20 -5.00021e-20 3.57158e-20 5.35737e-20 3.57158e-20 7.14315e-21 5.00021e-20 3.57158e-20 6.07168e-20 2.5001e-20 1.07147e-20 -2.14295e-20 2.5001e-20 2.14295e-20 3.57158e-21 1.78579e-21 -1.25005e-20 7.14315e-21 0 7.14315e-21 -1.78579e-21 0 -2.67868e-21 -1.78579e-21 -8.92894e-22 -4.01802e-21 -6.69671e-22 
5.00021e-20 -2.85726e-20 2.85726e-20 -4.28589e-20 -3.57158e-20 -5.00021e-20 -3.92874e-20 3.57158e-21 3.57158e-21 -1.42863e-20 -7.14315e-21 -3.57158e-21 2.14295e-20 7.14315e-21 4.28589e-20 3.57158e-21 0 2.14295e-20 1.25005e-20 3.57158e-21 0 1.78579e-21 3.57158e-21 1.78579e-21 1.07147e-20 7.14315e-21 0 -2.67868e-21 0 -6.69671e-22 
-7.14315e-21 0 -7.14315e-21 1.42863e-20 -7.14315e-21 3.57158e-20 2.85726e-20 -2.14295e-20 7.14315e-21 -7.14315e-21 3.57158e-21 1.78579e-20 3.57158e-21 2.5001e-20 2.14295e-20 -3.57158e-21 1.78579e-20 7.14315e-21 1.78579e-21 1.07147e-20 -2.32153e-20 -1.07147e-20 -5.35737e-21 8.92894e-21 -8.92894e-22 8.92894e-22 -8.92894e-22 2.67868e-21 -4.46447e-22 0 
-1.42863e-20 4.28589e-20 -3.57158e-20 -5.00021e-20 -2.85726e-20 -3.92874e-20 -4.28589e-20 -3.57158e-21 7.14315e-21 1.07147e-20 1.42863e-20 -2.14295e-20 -1.42863e-20 2.85726e-20 -3.57158e-21 2.5001e-20 1.42863e-20 7.14315e-21 3.57158e-21 3.57158e-21 2.14295e-20 1.42863e-20 7.14315e-21 0 -2.67868e-21 -8.92894e-21 -1.78579e-21 -1.78579e-21 -4.46447e-22 0 
0 -7.14315e-20 2.14295e-20 7.14315e-21 -7.14315e-21 1.42863e-20 2.14295e-20 2.5001e-20 -1.42863e-20 -3.57158e-21 -1.42863e-20 -3.57158e-21 3.57158e-20 0 1.78579e-20 2.14295e-20 -3.57158e-21 3.57158e-21 1.78579e-21 3.57158e-21 0 3.57158e-21 -1.78579e-21 3.57158e-21 1.78579e-21 1.78579e-21 5.35737e-21 2.67868e-21 4.46447e-22 4.46447e-22 
1.42863e-20 7.14315e-20 -3.57158e-20 -7.14315e-21 2.14295e-20 -1.42863e-20 -3.57158e-21 2.85726e-20 2.5001e-20 2.5001e-20 1.07147e-20 1.42863e-20 -3.57158e-21 7.14315e-21 1.07147e-20 -7.14315e-21 2.85726e-20 1.78579e-20 1.07147e-20 1.42863e-20 1.25005e-20 1.78579e-21 3.57158e-21 1.78579e-21 6.25026e-21 8.03605e-21 0 -1.78579e-21 4.91092e-21 1.11612e-21 
0 -3.57158e-20 1.00004e-19 0 5.00021e-20 5.35737e-20 1.42863e-20 -1.42863e-20 2.85726e-20 1.42863e-20 7.14315e-21 2.14295e-20 3.57158e-21 3.57158e-21 -3.57158e-21 2.14295e-20 7.14315e-21 3.57158e-21 5.35737e-21 3.57158e-21 -3.57158e-21 0 3.57158e-21 -5.35737e-21 -3.57158e-21 -4.46447e-21 3.57158e-21 1.78579e-21 -8.92894e-22 1.56257e-21 
2.14295e-20 1.42863e-20 -8.57179e-20 1.42863e-20 -4.28589e-20 -3.21442e-20 1.42863e-20 1.78579e-20 -1.07147e-20 -1.78579e-20 3.57158e-21 -3.57158e-21 1.07147e-20 -7.14315e-21 1.07147e-20 -3.57158e-21 -1.42863e-20 -3.57158e-21 5.35737e-21 -1.25005e-20 -8.92894e-21 -1.78579e-21 0 0 -2.67868e-21 -3.57158e-21 -2.67868e-21 0 0 -1.56257e-21 
1.42863e-20 2.14295e-20 7.14315e-21 7.14315e-21 3.57158e-20 7.14315e-21 1.78579e-20 1.78579e-20 3.21442e-20 3.57158e-20 1.42863e-20 -7.14315e-21 0 3.57158e-21 -3.21442e-20 -3.21442e-20 -1.07147e-20 0 -1.42863e-20 1.07147e-20 3.57158e-21 0 0 0 1.78579e-21 7.14315e-21 2.67868e-21 3.57158e-21 2.23224e-21 2.23224e-21 
-2.85726e-20 -2.14295e-20 5.00021e-20 -1.42863e-20 7.14315e-21 1.78579e-20 1.07147e-20 -3.57158e-21 -1.07147e-20 -2.14295e-20 1.78579e-20 2.14295e-20 2.5001e-20 -1.42863e-20 -1.42863e-20 -7.14315e-21 0 -2.14295e-20 -7.14315e-21 0 8.92894e-21 1.78579e-21 1.78579e-21 7.14315e-21 7.14315e-21 4.46447e-21 3.57158e-21 0 1.33934e-21 -2.23224e-22 
2.14295e-20 2.85726e-20 -7.14315e-21 6.42884e-20 -7.14315e-21 -1.78579e-20 -3.92874e-20 3.57158e-21 3.57158e-21 1.42863e-20 -1.42863e-20 0 -2.85726e-20 -3.57158e-21 -7.14315e-21 -1.42863e-20 -2.14295e-20 7.14315e-21 7.14315e-21 3.57158e-21 -1.78579e-21 3.57158e-21 1.78579e-21 7.14315e-21 3.57158e-21 2.67868e-21 8.92894e-22 1.78579e-21 -4.46447e-22 -4.46447e-22 
7.14315e-21 2.85726e-20 0 -2.85726e-20 2.14295e-20 1.78579e-20 2.5001e-20 -7.14315e-21 -3.21442e-20 -2.5001e-20 -7.14315e-21 -2.14295e-20 -1.42863e-20 -1.42863e-20 -3.57158e-21 -3.57158e-21 7.14315e-21 0 1.78579e-21 0 1.78579e-21 -3.57158e-21 3.57158e-21 7.14315e-21 7.14315e-21 3.57158e-21 -3.57158e-21 -4.46447e-21 -2.67868e-21 -8.92894e-22 
-7.14315e-21 -4.28589e-20 -2.85726e-20 -1.42863e-20 0 1.78579e-20 -3.57158e-21 -1.07147e-20 0 7.14315e-21 -1.07147e-20 -2.14295e-20 -1.78579e-20 3.57158e-21 0 7.14315e-21 3.57158e-21 3.57158e-21 1.78579e-21 -1.07147e-20 -1.07147e-20 7.14315e-21 1.78579e-21 -5.35737e-21 -2.67868e-21 -4.46447e-21 1.78579e-21 0 -8.92894e-22 -6.69671e-22 
-1.42863e-20 -7.14315e-21 2.14295e-20 -2.14295e-20 -4.28589e-20 -1.78579e-20 -1.78579e-20 -2.5001e-20 -3.57158e-21 0 0 1.78579e-20 2.14295e-20 3.57158e-21 3.57158e-21 7.14315e-21 1.42863e-20 3.57158e-21 -5.35737e-21 -8.92894e-21 -1.78579e-21 -5.35737e-21 -5.35737e-21 -3.57158e-21 -3.57158e-21 -2.67868e-21 -8.92894e-22 1.78579e-21 1.78579e-21 2.23224e-22 
-2.85726e-20 -1.42863e-20 -3.57158e-20 -2.85726e-20 -2.85726e-20 -3.21442e-20 -1.42863e-20 1.78579e-20 0 -1.78579e-20 3.57158e-21 7.14315e-21 7.14315e-21 0 2.14295e-20 2.14295e-20 0 -1.42863e-20 -1.96437e-20 -1.25005e-20 -5.35737e-21 -5.35737e-21 -8.92894e-21 -1.07147e-20 -8.03605e-21 -2.67868e-21 -2.67868e-21 -1.78579e-21 -1.78579e-21 0 
-5.00021e-20 -3.57158e-20 -7.14315e-21 -1.42863e-20 -5.00021e-20 -4.28589e-20 -1.07147e-20 -2.14295e-20 0 1.42863e-20 -3.57158e-21 -1.07147e-20 3.57158e-21 3.57158e-21 1.07147e-20 3.57158e-21 -3.57158e-21 0 -7.14315e-21 -3.57158e-21 -3.57158e-21 -8.92894e-21 -8.92894e-21 -7.14315e-21 -6.25026e-21 -6.25026e-21 -4.46447e-21 -4.46447e-21 -1.78579e-21 -1.33934e-21 
