1.2541e-06 1.2541e-06 1.2541e-06 1.2541e-06 1.2541e-06 1.2541e-06 1.2541e-06 1.2541e-06 1.2541e-06 1.2541e-06 1.2541e-06 1.2541e-06 1.2541e-06 1.2541e-06 1.2541e-06 1.2541e-06 1.2541e-06 1.2541e-06 1.2541e-06 1.2541e-06 1.2541e-06 1.2541e-06 1.2541e-06 1.2541e-06 1.2541e-06 1.2541e-06 1.2541e-06 1.2541e-06 1.2541e-06 1.2541e-06 1.2541e-06 
1.2541e-06 1.2541e-06 1.2541e-06 1.2541e-06 1.2541e-06 1.2541e-06 1.2541e-06 1.2541e-06 1.2541e-06 1.2541e-06 1.2541e-06 1.2541e-06 1.2541e-06 1.2541e-06 1.2541e-06 1.2541e-06 1.2541e-06 1.2541e-06 1.2541e-06 1.2541e-06 1.2541e-06 1.2541e-06 1.2541e-06 1.2541e-06 1.2541e-06 1.2541e-06 1.2541e-06 1.2541e-06 1.2541e-06 1.2541e-06 1.2541e-06 
1.2541e-06 1.2541e-06 1.2541e-06 1.2541e-06 1.2541e-06 1.2541e-06 1.2541e-06 1.2541e-06 1.2541e-06 1.2541e-06 1.2541e-06 1.2541e-06 1.2541e-06 1.2541e-06 1.2541e-06 1.2541e-06 1.2541e-06 1.2541e-06 1.2541e-06 1.2541e-06 1.2541e-06 1.2541e-06 1.2541e-06 1.2541e-06 1.2541e-06 1.2541e-06 1.2541e-06 1.2541e-06 1.2541e-06 1.2541e-06 1.2541e-06 
1.2541e-06 1.2541e-06 1.2541e-06 1.2541e-06 1.2541e-06 1.2541e-06 1.2541e-06 1.2541e-06 1.2541e-06 1.2541e-06 1.2541e-06 1.2541e-06 1.2541e-06 1.2541e-06 1.2541e-06 1.2541e-06 1.2541e-06 1.2541e-06 1.2541e-06 1.2541e-06 1.2541e-06 1.2541e-06 1.2541e-06 1.2541e-06 1.2541e-06 1.2541e-06 1.2541e-06 1.2541e-06 1.2541e-06 1.2541e-06 1.2541e-06 
1.2541e-06 1.2541e-06 1.2541e-06 1.2541e-06 1.2541e-06 1.2541e-06 1.2541e-06 1.2541e-06 1.2541e-06 1.2541e-06 1.2541e-06 1.2541e-06 1.2541e-06 1.2541e-06 1.2541e-06 1.2541e-06 1.2541e-06 1.2541e-06 1.2541e-06 1.2541e-06 1.2541e-06 1.2541e-06 1.2541e-06 1.2541e-06 1.2541e-06 1.2541e-06 1.2541e-06 1.2541e-06 1.2541e-06 1.2541e-06 1.2541e-06 
1.2541e-06 1.2541e-06 1.2541e-06 1.2541e-06 1.2541e-06 1.2541e-06 1.2541e-06 1.2541e-06 1.2541e-06 1.2541e-06 1.2541e-06 1.2541e-06 1.2541e-06 1.2541e-06 1.2541e-06 1.2541e-06 1.2541e-06 1.2541e-06 1.2541e-06 1.2541e-06 1.2541e-06 1.2541e-06 1.2541e-06 1.2541e-06 1.2541e-06 1.2541e-06 1.2541e-06 1.2541e-06 1.2541e-06 1.2541e-06 1.2541e-06 
1.2541e-06 1.2541e-06 1.2541e-06 1.2541e-06 1.2541e-06 1.2541e-06 1.2541e-06 1.2541e-06 1.2541e-06 1.2541e-06 1.2541e-06 1.2541e-06 1.2541e-06 1.2541e-06 1.2541e-06 1.2541e-06 1.2541e-06 1.2541e-06 1.2541e-06 1.2541e-06 1.2541e-06 1.2541e-06 1.2541e-06 1.2541e-06 1.2541e-06 1.2541e-06 1.2541e-06 1.2541e-06 1.2541e-06 1.2541e-06 1.2541e-06 
1.2541e-06 1.2541e-06 1.2541e-06 1.2541e-06 1.2541e-06 1.2541e-06 1.2541e-06 1.2541e-06 1.2541e-06 1.2541e-06 1.2541e-06 1.2541e-06 1.2541e-06 1.2541e-06 1.2541e-06 1.2541e-06 1.2541e-06 1.2541e-06 1.2541e-06 1.2541e-06 1.2541e-06 1.2541e-06 1.2541e-06 1.2541e-06 1.2541e-06 1.2541e-06 1.2541e-06 1.2541e-06 1.2541e-06 1.2541e-06 1.2541e-06 
1.2541e-06 1.2541e-06 1.2541e-06 1.2541e-06 1.2541e-06 1.2541e-06 1.2541e-06 1.2541e-06 1.2541e-06 1.2541e-06 1.2541e-06 1.2541e-06 1.2541e-06 1.2541e-06 1.2541e-06 1.2541e-06 1.2541e-06 1.2541e-06 1.2541e-06 1.2541e-06 1.2541e-06 1.2541e-06 1.2541e-06 1.2541e-06 1.2541e-06 1.2541e-06 1.2541e-06 1.2541e-06 1.2541e-06 1.2541e-06 1.2541e-06 
1.2541e-06 1.2541e-06 1.2541e-06 1.2541e-06 1.2541e-06 1.2541e-06 1.2541e-06 1.2541e-06 1.2541e-06 1.2541e-06 1.2541e-06 1.2541e-06 1.2541e-06 1.2541e-06 1.2541e-06 1.2541e-06 1.2541e-06 1.2541e-06 1.2541e-06 1.2541e-06 1.2541e-06 1.2541e-06 1.2541e-06 1.2541e-06 1.2541e-06 1.2541e-06 1.2541e-06 1.2541e-06 1.2541e-06 1.2541e-06 1.2541e-06 
1.2541e-06 1.2541e-06 1.2541e-06 1.2541e-06 1.2541e-06 1.2541e-06 1.2541e-06 1.2541e-06 1.2541e-06 1.2541e-06 1.2541e-06 1.2541e-06 1.2541e-06 1.2541e-06 1.2541e-06 1.2541e-06 1.2541e-06 1.2541e-06 1.2541e-06 1.2541e-06 1.2541e-06 1.2541e-06 1.2541e-06 1.2541e-06 1.2541e-06 1.2541e-06 1.2541e-06 1.2541e-06 1.2541e-06 1.2541e-06 1.2541e-06 
1.2541e-06 1.2541e-06 1.2541e-06 1.2541e-06 1.2541e-06 1.2541e-06 1.2541e-06 1.2541e-06 1.2541e-06 1.2541e-06 1.2541e-06 1.2541e-06 1.2541e-06 1.2541e-06 1.2541e-06 1.2541e-06 1.2541e-06 1.2541e-06 1.2541e-06 1.2541e-06 1.2541e-06 1.2541e-06 1.2541e-06 1.2541e-06 1.2541e-06 1.2541e-06 1.2541e-06 1.2541e-06 1.2541e-06 1.2541e-06 1.2541e-06 
1.2541e-06 1.2541e-06 1.2541e-06 1.2541e-06 1.2541e-06 1.2541e-06 1.2541e-06 1.2541e-06 1.2541e-06 1.2541e-06 1.2541e-06 1.2541e-06 1.2541e-06 1.2541e-06 1.2541e-06 1.2541e-06 1.2541e-06 1.2541e-06 1.2541e-06 1.2541e-06 1.2541e-06 1.2541e-06 1.2541e-06 1.2541e-06 1.2541e-06 1.2541e-06 1.2541e-06 1.2541e-06 1.2541e-06 1.2541e-06 1.2541e-06 
1.2541e-06 1.2541e-06 1.2541e-06 1.2541e-06 1.2541e-06 1.2541e-06 1.2541e-06 1.2541e-06 1.2541e-06 1.2541e-06 1.2541e-06 1.2541e-06 1.2541e-06 1.2541e-06 1.2541e-06 1.2541e-06 1.2541e-06 1.2541e-06 1.2541e-06 1.2541e-06 1.2541e-06 1.2541e-06 1.2541e-06 1.2541e-06 1.2541e-06 1.2541e-06 1.2541e-06 1.2541e-06 1.2541e-06 1.2541e-06 1.2541e-06 
1.2541e-06 1.2541e-06 1.2541e-06 1.2541e-06 1.2541e-06 1.2541e-06 1.2541e-06 1.2541e-06 1.2541e-06 1.2541e-06 1.2541e-06 1.2541e-06 1.2541e-06 1.2541e-06 1.2541e-06 1.2541e-06 1.2541e-06 1.2541e-06 1.2541e-06 1.2541e-06 1.2541e-06 1.2541e-06 1.2541e-06 1.2541e-06 1.2541e-06 1.2541e-06 1.2541e-06 1.2541e-06 1.2541e-06 1.2541e-06 1.2541e-06 
1.2541e-06 1.2541e-06 1.2541e-06 1.2541e-06 1.2541e-06 1.2541e-06 1.2541e-06 1.2541e-06 1.2541e-06 1.2541e-06 1.2541e-06 1.2541e-06 1.2541e-06 1.2541e-06 1.2541e-06 1.2541e-06 1.2541e-06 1.2541e-06 1.2541e-06 1.2541e-06 1.2541e-06 1.2541e-06 1.2541e-06 1.2541e-06 1.2541e-06 1.2541e-06 1.2541e-06 1.2541e-06 1.2541e-06 1.2541e-06 1.2541e-06 
1.2541e-06 1.2541e-06 1.2541e-06 1.2541e-06 1.2541e-06 1.2541e-06 1.2541e-06 1.2541e-06 1.2541e-06 1.2541e-06 1.2541e-06 1.2541e-06 1.2541e-06 1.2541e-06 1.2541e-06 1.2541e-06 1.2541e-06 1.2541e-06 1.2541e-06 1.2541e-06 1.2541e-06 1.2541e-06 1.2541e-06 1.2541e-06 1.2541e-06 1.2541e-06 1.2541e-06 1.2541e-06 1.2541e-06 1.2541e-06 1.2541e-06 
1.2541e-06 1.2541e-06 1.2541e-06 1.2541e-06 1.2541e-06 1.2541e-06 1.2541e-06 1.2541e-06 1.2541e-06 1.2541e-06 1.2541e-06 1.2541e-06 1.2541e-06 1.2541e-06 1.2541e-06 1.2541e-06 1.2541e-06 1.2541e-06 1.2541e-06 1.2541e-06 1.2541e-06 1.2541e-06 1.2541e-06 1.2541e-06 1.2541e-06 1.2541e-06 1.2541e-06 1.2541e-06 1.2541e-06 1.2541e-06 1.2541e-06 
1.2541e-06 1.2541e-06 1.2541e-06 1.2541e-06 1.2541e-06 1.2541e-06 1.2541e-06 1.2541e-06 1.2541e-06 1.2541e-06 1.2541e-06 1.2541e-06 1.2541e-06 1.2541e-06 1.2541e-06 1.2541e-06 1.2541e-06 1.2541e-06 1.2541e-06 1.2541e-06 1.2541e-06 1.2541e-06 1.2541e-06 1.2541e-06 1.2541e-06 1.2541e-06 1.2541e-06 1.2541e-06 1.2541e-06 1.2541e-06 1.2541e-06 
1.2541e-06 1.2541e-06 1.2541e-06 1.2541e-06 1.2541e-06 1.2541e-06 1.2541e-06 1.2541e-06 1.2541e-06 1.2541e-06 1.2541e-06 1.2541e-06 1.2541e-06 1.2541e-06 1.2541e-06 1.2541e-06 1.2541e-06 1.2541e-06 1.2541e-06 1.2541e-06 1.2541e-06 1.2541e-06 1.2541e-06 1.2541e-06 1.2541e-06 1.2541e-06 1.2541e-06 1.2541e-06 1.2541e-06 1.2541e-06 1.2541e-06 
1.2541e-06 1.2541e-06 1.2541e-06 1.2541e-06 1.2541e-06 1.2541e-06 1.2541e-06 1.2541e-06 1.2541e-06 1.2541e-06 1.2541e-06 1.2541e-06 1.2541e-06 1.2541e-06 1.2541e-06 1.2541e-06 1.2541e-06 1.2541e-06 1.2541e-06 1.2541e-06 1.2541e-06 1.2541e-06 1.2541e-06 1.2541e-06 1.2541e-06 1.2541e-06 1.2541e-06 1.2541e-06 1.2541e-06 1.2541e-06 1.2541e-06 
1.2541e-06 1.2541e-06 1.2541e-06 1.2541e-06 1.2541e-06 1.2541e-06 1.2541e-06 1.2541e-06 1.2541e-06 1.2541e-06 1.2541e-06 1.2541e-06 1.2541e-06 1.2541e-06 1.2541e-06 1.2541e-06 1.2541e-06 1.2541e-06 1.2541e-06 1.2541e-06 1.2541e-06 1.2541e-06 1.2541e-06 1.2541e-06 1.2541e-06 1.2541e-06 1.2541e-06 1.2541e-06 1.2541e-06 1.2541e-06 1.2541e-06 
1.2541e-06 1.2541e-06 1.2541e-06 1.2541e-06 1.2541e-06 1.2541e-06 1.2541e-06 1.2541e-06 1.2541e-06 1.2541e-06 1.2541e-06 1.2541e-06 1.2541e-06 1.2541e-06 1.2541e-06 1.2541e-06 1.2541e-06 1.2541e-06 1.2541e-06 1.2541e-06 1.2541e-06 1.2541e-06 1.2541e-06 1.2541e-06 1.2541e-06 1.2541e-06 1.2541e-06 1.2541e-06 1.2541e-06 1.2541e-06 1.2541e-06 
1.2541e-06 1.2541e-06 1.2541e-06 1.2541e-06 1.2541e-06 1.2541e-06 1.2541e-06 1.2541e-06 1.2541e-06 1.2541e-06 1.2541e-06 1.2541e-06 1.2541e-06 1.2541e-06 1.2541e-06 1.2541e-06 1.2541e-06 1.2541e-06 1.2541e-06 1.2541e-06 1.2541e-06 1.2541e-06 1.2541e-06 1.2541e-06 1.2541e-06 1.2541e-06 1.2541e-06 1.2541e-06 1.2541e-06 1.2541e-06 1.2541e-06 
1.2541e-06 1.2541e-06 1.2541e-06 1.2541e-06 1.2541e-06 1.2541e-06 1.2541e-06 1.2541e-06 1.2541e-06 1.2541e-06 1.2541e-06 1.2541e-06 1.2541e-06 1.2541e-06 1.2541e-06 1.2541e-06 1.2541e-06 1.2541e-06 1.2541e-06 1.2541e-06 1.2541e-06 1.2541e-06 1.2541e-06 1.2541e-06 1.2541e-06 1.2541e-06 1.2541e-06 1.2541e-06 1.2541e-06 1.2541e-06 1.2541e-06 
1.2541e-06 1.2541e-06 1.2541e-06 1.2541e-06 1.2541e-06 1.2541e-06 1.2541e-06 1.2541e-06 1.2541e-06 1.2541e-06 1.2541e-06 1.2541e-06 1.2541e-06 1.2541e-06 1.2541e-06 1.2541e-06 1.2541e-06 1.2541e-06 1.2541e-06 1.2541e-06 1.2541e-06 1.2541e-06 1.2541e-06 1.2541e-06 1.2541e-06 1.2541e-06 1.2541e-06 1.2541e-06 1.2541e-06 1.2541e-06 1.2541e-06 
1.2541e-06 1.2541e-06 1.2541e-06 1.2541e-06 1.2541e-06 1.2541e-06 1.2541e-06 1.2541e-06 1.2541e-06 1.2541e-06 1.2541e-06 1.2541e-06 1.2541e-06 1.2541e-06 1.2541e-06 1.2541e-06 1.2541e-06 1.2541e-06 1.2541e-06 1.2541e-06 1.2541e-06 1.2541e-06 1.2541e-06 1.2541e-06 1.2541e-06 1.2541e-06 1.2541e-06 1.2541e-06 1.2541e-06 1.2541e-06 1.2541e-06 
1.2541e-06 1.2541e-06 1.2541e-06 1.2541e-06 1.2541e-06 1.2541e-06 1.2541e-06 1.2541e-06 1.2541e-06 1.2541e-06 1.2541e-06 1.2541e-06 1.2541e-06 1.2541e-06 1.2541e-06 1.2541e-06 1.2541e-06 1.2541e-06 1.2541e-06 1.2541e-06 1.2541e-06 1.2541e-06 1.2541e-06 1.2541e-06 1.2541e-06 1.2541e-06 1.2541e-06 1.2541e-06 1.2541e-06 1.2541e-06 1.2541e-06 
1.2541e-06 1.2541e-06 1.2541e-06 1.2541e-06 1.2541e-06 1.2541e-06 1.2541e-06 1.2541e-06 1.2541e-06 1.2541e-06 1.2541e-06 1.2541e-06 1.2541e-06 1.2541e-06 1.2541e-06 1.2541e-06 1.2541e-06 1.2541e-06 1.2541e-06 1.2541e-06 1.2541e-06 1.2541e-06 1.2541e-06 1.2541e-06 1.2541e-06 1.2541e-06 1.2541e-06 1.2541e-06 1.2541e-06 1.2541e-06 1.2541e-06 
1.2541e-06 1.2541e-06 1.2541e-06 1.2541e-06 1.2541e-06 1.2541e-06 1.2541e-06 1.2541e-06 1.2541e-06 1.2541e-06 1.2541e-06 1.2541e-06 1.2541e-06 1.2541e-06 1.2541e-06 1.2541e-06 1.2541e-06 1.2541e-06 1.2541e-06 1.2541e-06 1.2541e-06 1.2541e-06 1.2541e-06 1.2541e-06 1.2541e-06 1.2541e-06 1.2541e-06 1.2541e-06 1.2541e-06 1.2541e-06 1.2541e-06 
