10000 9967.65 9450 8932.35 8414.71 7897.06 7379.41 6861.76 6344.12 5826.47 5308.82 4791.18 4273.53 3755.88 3238.24 2720.59 2202.94 1685.29 1167.65 650 132.353 100
10000 9967.65 9450 8932.35 8414.71 7897.06 7379.41 6861.76 6344.12 5826.47 5308.82 4791.18 4273.53 3755.88 3238.24 2720.59 2202.94 1685.29 1167.65 650 132.353 100
10000 9967.65 9450 8932.35 8414.71 7897.06 7379.41 6861.76 6344.12 5826.47 5308.82 4791.18 4273.53 3755.88 3238.24 2720.59 2202.94 1685.29 1167.65 650 132.353 100
10000 9967.65 9450 8932.35 8414.71 7897.06 7379.41 6861.76 6344.12 5826.47 5308.82 4791.18 4273.53 3755.88 3238.24 2720.59 2202.94 1685.29 1167.65 650 132.353 100
10000 9967.65 9450 8932.35 8414.71 7897.06 7379.41 6861.76 6344.12 5826.47 5308.82 4791.18 4273.53 3755.88 3238.24 2720.59 2202.94 1685.29 1167.65 650 132.353 100
10000 9967.65 9450 8932.35 8414.71 7897.06 7379.41 6861.76 6344.12 5826.47 5308.82 4791.18 4273.53 3755.88 3238.24 2720.59 2202.94 1685.29 1167.65 650 132.353 100
10000 9967.65 9450 8932.35 8414.71 7897.06 7379.41 6861.76 6344.12 5826.47 5308.82 4791.18 4273.53 3755.88 3238.24 2720.59 2202.94 1685.29 1167.65 650 132.353 100
10000 9967.65 9450 8932.35 8414.71 7897.06 7379.41 6861.76 6344.12 5826.47 5308.82 4791.18 4273.53 3755.88 3238.24 2720.59 2202.94 1685.29 1167.65 650 132.353 100
10000 9967.65 9450 8932.35 8414.71 7897.06 7379.41 6861.76 6344.12 5826.47 5308.82 4791.18 4273.53 3755.88 3238.24 2720.59 2202.94 1685.29 1167.65 650 132.353 100
10000 9967.65 9450 8932.35 8414.71 7897.06 7379.41 6861.76 6344.12 5826.47 5308.82 4791.18 4273.53 3755.88 3238.24 2720.59 2202.94 1685.29 1167.65 650 132.353 100
10000 9967.65 9450 8932.35 8414.71 7897.06 7379.41 6861.76 6344.12 5826.47 5308.82 4791.18 4273.53 3755.88 3238.24 2720.59 2202.94 1685.29 1167.65 650 132.353 100
10000 9967.65 9450 8932.35 8414.71 7897.06 7379.41 6861.76 6344.12 5826.47 5308.82 4791.18 4273.53 3755.88 3238.24 2720.59 2202.94 1685.29 1167.65 650 132.353 100
10000 9967.65 9450 8932.35 8414.71 7897.06 7379.41 6861.76 6344.12 5826.47 5308.82 4791.18 4273.53 3755.88 3238.24 2720.59 2202.94 1685.29 1167.65 650 132.353 100
10000 9967.65 9450 8932.35 8414.71 7897.06 7379.41 6861.76 6344.12 5826.47 5308.82 4791.18 4273.53 3755.88 3238.24 2720.59 2202.94 1685.29 1167.65 650 132.353 100
10000 9967.65 9450 8932.35 8414.71 7897.06 7379.41 6861.76 6344.12 5826.47 5308.82 4791.18 4273.53 3755.88 3238.24 2720.59 2202.94 1685.29 1167.65 650 132.353 100
10000 9967.65 9450 8932.35 8414.71 7897.06 7379.41 6861.76 6344.12 5826.47 5308.82 4791.18 4273.53 3755.88 3238.24 2720.59 2202.94 1685.29 1167.65 650 132.353 100
10000 9967.65 9450 8932.35 8414.71 7897.06 7379.41 6861.76 6344.12 5826.47 5308.82 4791.18 4273.53 3755.88 3238.24 2720.59 2202.94 1685.29 1167.65 650 132.353 100
10000 9967.65 9450 8932.35 8414.71 7897.06 7379.41 6861.76 6344.12 5826.47 5308.82 4791.18 4273.53 3755.88 3238.24 2720.59 2202.94 1685.29 1167.65 650 132.353 100
10000 9967.65 9450 8932.35 8414.71 7897.06 7379.41 6861.76 6344.12 5826.47 5308.82 4791.18 4273.53 3755.88 3238.24 2720.59 2202.94 1685.29 1167.65 650 132.353 100
10000 9967.65 9450 8932.35 8414.71 7897.06 7379.41 6861.76 6344.12 5826.47 5308.82 4791.18 4273.53 3755.88 3238.24 2720.59 2202.94 1685.29 1167.65 650 132.353 100
