30 30
5.9544 6.0759 6.0562 6.0159 6.0456 6.0257 5.9458 6.0497 5.9576 5.9387 6.0427 6.0461 5.9831 5.9151 5.9112 5.9166 5.9542 5.9415 5.9269 6.0886 5.9755 5.9257 5.9711 6.0249 6.0651 5.9642 5.9231 5.9452 6.0736 6.0473 
5.9677 6.0325 6.0458 5.9037 6.0996 5.9672 5.9573 6.0899 5.9177 5.9829 6.0967 5.9008 5.9029 5.9313 6.0924 5.9885 5.9643 6.0155 6.0126 5.9724 6.0267 6.0224 5.9646 6.0687 5.9574 5.9287 6.0195 6.0487 6.0428 5.9567 
6.0573 5.9606 5.0819 4.9189 3.9063 4.0124 2.9566 2.9652 1.9184 1.9223 2.9242 2.9416 3.9808 4.0149 5.0436 4.9462 3.9876 4.0992 2.9508 3.0647 2.0163 2.0928 2.9656 3.0639 3.9579 4.0129 4.9115 4.9004 6.0586 6.0743 
6.0576 6.0944 4.9456 5.0312 3.9359 4.0361 2.9751 2.9464 1.9203 2.0386 3.0275 2.9458 3.9207 4.0335 5.0521 4.9755 3.9678 3.9034 2.9671 3.0397 1.9125 1.9227 2.9061 2.9573 3.9519 3.9551 5.0361 4.9448 6.0243 5.9742 
6.0656 5.9384 4.0948 3.9147 4.9866 2.9443 4.0993 2.0286 2.9603 3.0114 1.9603 4.0488 2.9187 5.0397 3.9323 4.0513 5.0172 2.9345 3.9504 2.0724 3.0277 3.0444 2.0294 3.9031 3.0215 4.9427 4.0781 4.0745 5.9178 5.9569 
6.0946 5.9246 3.9627 4.0451 2.9812 5.0135 2.0348 3.9512 2.9059 3.0921 4.0845 2.0636 4.9757 3.0557 4.0863 4.0415 3.0436 5.0568 2.0731 4.0576 2.9135 3.0119 3.9303 2.0918 4.9871 2.9324 4.0742 4.0154 5.9121 5.9228 
5.9303 6.0743 3.0591 2.9431 4.0789 1.9775 4.9174 2.9127 4.0476 3.9814 2.9236 4.9088 2.0982 4.0949 2.9363 2.9824 4.0521 2.0768 4.9788 2.9866 3.9733 4.0976 3.0917 4.9183 2.0375 3.9671 3.0929 2.9785 6.0629 6.0658 
5.9662 6.0451 2.9739 2.9489 1.9022 3.9181 2.9815 4.9871 3.9516 3.9852 5.0792 3.0711 4.0772 1.9487 2.9148 3.0689 1.9587 3.9705 3.0846 4.9544 4.0979 4.0699 5.0581 3.0476 4.0778 2.0615 2.9506 3.0473 5.9706 6.0912 
5.9308 6.0464 2.0326 2.0229 2.9882 2.9218 4.0836 3.9542 5.0295 5.0583 4.0983 3.9208 3.0996 2.9327 1.9112 1.9834 2.9676 3.0761 4.0443 3.9654 5.0214 5.0561 4.0282 4.0268 2.9271 2.9484 1.9704 1.9808 6.0966 6.0965 
5.9722 5.9625 2.0848 1.9762 2.9055 2.9651 3.9245 3.9004 4.9558 5.0848 3.9222 3.9231 2.9275 3.0449 1.9053 2.0214 2.9643 2.9345 4.0918 3.9521 4.9269 4.9329 4.0968 3.9569 2.9425 3.0173 2.0882 2.0311 6.0387 5.9433 
5.9038 5.9363 2.9203 3.0473 1.9451 4.0295 3.0539 5.0862 4.0917 4.0322 4.9837 2.9546 4.0614 1.9009 2.9701 2.9488 1.9115 3.9133 2.9829 5.0339 4.0326 4.0162 5.0384 2.9349 3.9846 2.0985 2.9462 3.0354 5.9326 5.9769 
6.0249 5.9101 2.9685 3.0874 4.0128 2.0696 4.9206 2.9841 4.0894 3.9358 2.9557 5.0264 1.9408 4.0782 2.9443 2.9238 4.0348 1.9227 5.0848 2.9202 4.0712 3.9365 2.9476 5.0536 2.0625 4.0859 2.9346 3.0394 6.0751 6.0534 
5.9541 6.0754 3.9538 4.0916 2.9526 4.9327 2.0916 4.0372 2.9011 3.0226 3.9423 1.9385 4.9217 3.0434 3.9687 4.0546 3.0957 5.0416 1.9282 4.0837 3.0995 2.9009 3.9266 2.0492 4.9638 3.0651 3.9408 3.9005 6.0616 5.9245 
5.9407 5.9342 3.9102 3.9414 5.0578 2.9562 4.0136 2.0511 3.0724 3.0427 1.9764 4.0221 2.9214 4.9069 4.0347 4.0352 4.9332 3.0749 3.9341 1.9481 2.9361 2.9617 2.0277 4.0999 3.0553 5.0896 3.9663 4.0346 6.0539 6.0121 
6.0672 5.9511 5.0496 5.0994 4.0296 3.9671 2.9537 2.9167 1.9273 2.0165 3.0683 2.9246 4.0499 3.9131 5.0222 4.9771 4.0465 4.0115 2.9344 3.0998 1.9327 2.0128 2.9613 2.9031 3.9066 3.9839 4.9733 5.0359 5.9073 5.9831 
5.9536 6.0214 4.9644 5.0267 4.0141 3.9221 3.0664 2.9764 2.0876 1.9327 3.0267 2.9857 3.9477 4.0824 4.9324 4.9289 3.9253 4.0197 3.0641 2.9486 1.9755 2.0488 2.9656 2.9571 4.0562 4.0363 4.9088 4.9863 5.9274 6.0949 
6.0718 5.9649 4.0198 4.0419 5.0883 2.9704 3.9872 1.9444 3.0529 2.9327 2.0418 4.0858 2.9518 4.9239 4.0762 4.0171 5.0898 2.9383 4.0835 1.9161 3.0114 3.0447 1.9011 3.9603 2.9341 5.0366 3.9386 3.9867 5.9557 6.0596 
5.9444 5.9757 3.9306 4.0317 2.9879 4.9573 1.9419 4.0549 3.0765 2.9236 3.9441 1.9425 5.0653 2.9307 3.9283 3.9559 3.0935 5.0867 2.0167 4.0127 2.9308 3.0627 3.9756 2.0529 4.9552 2.9048 3.9039 4.0772 5.9369 6.0454 
5.9147 6.0626 3.0327 2.9433 4.0271 1.9473 4.9742 2.9875 3.9533 3.9283 2.9651 5.0848 1.9734 4.0612 3.0381 3.0737 4.0828 1.9648 4.9285 2.9688 3.9345 3.9653 3.0276 5.0918 2.0369 4.0913 2.9122 2.9228 5.9637 6.0198 
6.0458 5.9434 2.9663 2.9805 2.0417 3.9208 3.0323 4.9117 3.9681 4.0541 5.0664 3.0384 4.0815 2.0761 2.9467 3.0832 1.9775 4.0331 3.0641 5.0926 3.9813 4.0377 5.0788 3.0895 4.0873 2.0935 3.0433 3.0565 5.9588 5.9428 
6.0396 5.9382 2.0711 1.9743 2.9106 2.9435 3.9537 4.0149 4.9841 5.0379 3.9409 4.0369 3.0318 2.9565 2.0657 2.0745 2.9358 3.0885 3.9363 4.0644 4.9705 5.0294 4.0287 3.9768 3.0433 2.9048 1.9439 1.9879 5.9843 6.0282 
6.0497 5.9013 2.0898 1.9501 2.9522 2.9317 4.0181 4.0439 4.9039 5.0284 4.0535 4.0936 3.0744 3.0957 2.0386 2.0854 2.9069 3.0148 3.9358 3.9544 5.0684 5.0392 3.9424 3.9813 2.9823 2.9137 2.0936 2.0721 5.9264 5.9731 
6.0166 5.9563 3.0759 3.0127 1.9763 3.9642 3.0727 5.0742 3.9026 3.9278 5.0417 2.9852 4.0736 2.0746 2.9389 2.9464 2.0713 4.0948 3.0556 5.0724 3.9589 4.0443 4.9452 2.9572 3.9715 1.9879 2.9553 2.9488 6.0895 5.9543 
6.0653 5.9412 2.9467 2.9763 3.9256 2.0244 5.0381 2.9621 3.9804 4.0648 2.9415 5.0299 1.9677 4.0562 2.9771 2.9211 4.0659 2.0752 5.0443 3.0338 4.0214 4.0548 3.0378 5.0474 2.0118 4.0674 2.9138 3.0671 5.9472 6.0356 
6.0223 6.0959 3.9448 3.9763 2.9335 4.9665 1.9675 3.9312 2.9172 2.9348 3.9181 2.0365 4.9804 2.9672 4.0327 3.9239 3.0569 4.9784 1.9164 3.9283 3.0819 2.9737 3.9423 1.9635 5.0243 2.9623 4.0929 4.0243 5.9585 5.9547 
6.0387 5.9572 4.0414 4.0714 4.9089 3.0426 3.9073 2.0678 3.0359 2.9423 1.9418 3.9165 3.0457 4.9582 3.9745 4.0112 4.9383 3.0746 4.0253 2.0753 2.9226 3.0624 2.0573 4.0755 2.9672 4.9679 4.0417 3.9421 6.0311 6.0135 
5.9235 6.0891 5.0988 4.9118 4.0661 4.0318 3.0883 2.9139 2.0955 1.9445 2.9859 2.9072 3.9238 4.0493 4.9359 5.0725 4.0691 3.9761 2.9584 3.0925 1.9237 1.9366 2.9579 3.0354 4.0423 4.0533 4.9813 4.9076 6.0843 5.9459 
5.9383 6.0683 5.0141 4.9362 3.9157 4.0558 2.9178 2.9401 2.0147 2.0271 3.0119 3.0187 4.0913 4.0525 4.9656 5.0416 3.9583 3.9447 3.0425 3.0731 1.9682 1.9763 3.0687 2.9189 4.0153 3.9846 4.9507 4.9765 5.9762 6.0333 
5.9706 6.0757 6.0797 6.0226 5.9806 6.0971 6.0782 6.0825 5.9113 5.9871 6.0143 6.0374 5.9531 6.0399 5.9413 6.0923 6.0872 5.9384 5.9725 6.0275 5.9645 6.0429 6.0951 5.9585 6.0661 5.9554 6.0818 5.9466 5.9223 5.9124 
6.0244 6.0495 5.9668 6.0651 6.0384 6.0163 6.0313 6.0786 6.0288 6.0733 6.0324 5.9378 5.9266 6.0872 5.9251 6.0937 6.0131 6.0413 6.0963 5.9351 6.0738 5.9028 5.9115 6.0191 5.9608 5.9051 6.0819 5.9516 5.9781 5.9287 
