20 20

0 0 0 0 
0 0 0 0 
0 0 0 0 
0 0 0 0 
0 0 0 0 
0 0 0 0 
0 0 0 0 
0 0 0 0 
0 0 0 0 
0 0 0 0 
0 0 0 0 
0 0 0 0 
0 0 0 0 
0 0 0 0 
0 0 0 0 
0 0 0 0 
0 0 0 0 
0 0 0 0 
0 0 0 0 
0 0 0 0 

0 0 0 0 
0 0 -1 -1 
0 0 -1 -1 
1 1 0.87 -1 
1 1 0.87 -1 
1 1 0.87 -1 
1 1 0.87 -1 
1 1 0.87 -1 
1 1 0.87 -1 
1 1 0.87 -1 
0 0 0 0 
0 0 0 0 
0 0 0 0 
0 0 0 0 
0 0 0 0 
0 0 0 0 
0 0 0 0 
0 0 0 0 
0 0 0 0 
0 0 0 0 

0 0 0 0 
0 0 -1 -1 
0 0 -1 -1
0 0 -1 -1
1 0 0.95 0 
1 0 0.95 0 
0 1 0 0 
0 1 0 0 
0 1 0 0 
0 1 0 0 
0 1 0 0 
0 1 0 0 
0 1 0 0 
0 1 0 0 
0 1 0 0 
0 1 0 0 
0 1 0 0 
0 1 0 0 
0 0 0 0 
0 0 0 0 

0 0 0 0 
1 1 0.87 -1 
0 0 0 0 
0 0 0 0
0 0 0 0 
1 1 0.05 0 
0 1 0 0 
0 1 0 0 
0 1 0 0 
0 1 0 0 
0 1 0 0 
0 1 0 0 
0 1 0 0 
0 1 0 0 
0 1 0 0 
0 1 0 0 
0 1 0 0 
0 1 0 0 
0 0 0 0 
0 0 0 0 

0 0 0 0 
1 0 0.12 -1 
1 0 0.95 0 
0 0 -1 -1 
0 0 -1 -1 
0 1 0 0 
0 1 0 0 
0 1 0 0 
0 1 0 0 
0 1 0 0 
0 1 0 0 
0 1 0 0 
0 1 0 0 
0 1 0 0 
0 1 0 0 
0 1 0 0 
0 1 0 0 
0 1 0 0 
0 0 0 0 
0 0 0 0 

0 0 0 0 
1 1 0.87 -1 
1 1 0.05 0 
1 1 0.05 0 
0 1 0 0 
0 1 0 0 
0 1 0 0 
0 1 0 0 
0 1 0 0 
0 1 0 0 
0 1 0 0 
0 1 0 0 
0 1 0 0 
0 1 0 0 
0 1 0 0 
0 1 0 0 
0 1 0 0 
0 1 0 0 
0 0 0 0 
0 0 0 0 

0 0 0 0 
1 0 0.12 -1 
0 1 0 0 
0 1 0 0 
0 1 0 0 
0 1 0 0 
0 1 0 0 
0 1 0 0 
0 1 0 0 
0 1 0 0 
0 1 0 0 
0 1 0 0 
0 1 0 0 
0 1 0 0 
0 1 0 0 
0 1 0 0 
0 1 0 0 
0 1 0 0 
0 0 0 0 
0 0 0 0 

0 0 0 0 
1 1 0.87 -1 
0 1 0 0 
0 1 0 0 
0 1 0 0 
0 1 0 0 
0 1 0 0 
0 1 0 0 
0 1 0 0 
0 1 0 0 
0 1 0 0 
0 1 0 0 
0 1 0 0 
0 1 0 0 
0 1 0 0 
0 1 0 0 
0 1 0 0 
0 1 0 0 
0 0 0 0 
0 0 0 0 

0 0 0 0 
1 0 0.12 -1
0 1 0 0 
0 1 0 0 
0 1 0 0 
0 1 0 0 
0 1 0 0 
0 1 0 0 
0 1 0 0 
0 1 0 0 
0 1 0 0 
0 1 0 0 
0 1 0 0 
0 1 0 0 
0 1 0 0 
0 1 0 0 
0 1 0 0 
0 1 0 0 
0 0 0 0 
0 0 0 0 

0 0 0 0 
1 1 0.87 -1
0 1 0 0 
0 1 0 0 
0 1 0 0 
0 1 0 0 
0 1 0 0 
0 1 0 0 
0 1 0 0 
0 1 0 0 
0 1 0 0 
0 1 0 0 
0 1 0 0 
0 1 0 0 
0 1 0 0 
0 1 0 0 
0 1 0 0 
0 1 0 0 
0 0 0 0 
0 0 0 0 

0 0 0 0 
0 0 0 0 
0 1 0 0 
0 1 0 0 
0 1 0 0 
0 1 0 0 
0 1 0 0 
0 1 0 0 
0 1 0 0 
0 1 0 0 
0 1 0 0 
0 1 0 0 
0 1 0 0 
0 1 0 0 
0 1 0 0 
0 1 0 0 
0 1 0 0 
0 1 0 0 
0 0 0 0 
0 0 0 0 

0 0 0 0 
0 0 0 0 
0 1 0 0 
0 1 0 0 
0 1 0 0 
0 1 0 0 
0 1 0 0 
0 1 0 0 
0 1 0 0 
0 1 0 0 
0 1 0 0 
0 1 0 0 
0 1 0 0 
0 1 0 0 
0 1 0 0 
0 1 0 0 
0 1 0 0 
0 1 0 0 
0 0 0 0 
0 0 0 0 

0 0 0 0 
0 0 0 0 
0 1 0 0 
0 1 0 0 
0 1 0 0 
0 1 0 0 
0 1 0 0 
0 1 0 0 
0 1 0 0 
0 1 0 0 
0 1 0 0 
0 1 0 0 
0 1 0 0 
0 1 0 0 
0 1 0 0 
0 1 0 0 
0 1 0 0 
0 1 0 0 
0 0 0 0 
0 0 0 0 

0 0 0 0 
0 0 0 0 
0 1 0 0 
0 1 0 0 
0 1 0 0 
0 1 0 0 
0 1 0 0 
0 1 0 0 
0 1 0 0 
0 1 0 0 
0 1 0 0 
0 1 0 0 
0 1 0 0 
0 1 0 0 
0 1 0 0 
0 1 0 0 
0 1 0 0 
0 1 0 0 
0 0 0 0 
0 0 0 0 

0 0 0 0 
0 0 0 0 
0 1 0 0 
0 1 0 0 
0 1 0 0 
0 1 0 0 
0 1 0 0 
0 1 0 0 
0 1 0 0 
0 1 0 0 
0 1 0 0 
0 1 0 0 
0 1 0 0 
0 1 0 0 
0 1 0 0 
0 1 0 0 
0 1 0 0 
0 1 0 0 
0 0 0 0 
0 0 0 0 

0 0 0 0 
0 0 0 0 
0 1 0 0 
0 1 0 0 
0 1 0 0 
0 1 0 0 
0 1 0 0 
0 1 0 0 
0 1 0 0 
0 1 0 0 
0 1 0 0 
0 1 0 0 
0 1 0 0 
0 1 0 0 
0 1 0 0 
0 1 0 0 
0 1 0 0 
0 1 0 0 
0 0 0 0 
0 0 0 0 

0 0 0 0 
0 0 0 0 
0 1 0 0 
0 1 0 0 
0 1 0 0 
0 1 0 0 
0 1 0 0 
0 1 0 0 
0 1 0 0 
0 1 0 0 
0 1 0 0 
0 1 0 0 
0 1 0 0 
0 1 0 0 
0 1 0 0 
0 1 0 0 
0 1 0 0 
0 1 0 0 
0 0 0 0 
0 0 0 0 

0 0 0 0 
0 0 0 0 
0 1 0 0 
0 1 0 0 
0 1 0 0 
0 1 0 0 
0 1 0 0 
0 1 0 0 
0 1 0 0 
0 1 0 0 
0 1 0 0 
0 1 0 0 
0 1 0 0 
0 1 0 0 
0 1 0 0 
0 1 0 0 
0 1 0 0 
0 1 0 0 
0 0 0 0 
0 0 0 0 

0 0 0 0 
0 0 0 0 
0 0 0 0 
0 0 0 0 
0 0 0 0 
0 0 0 0 
0 0 0 0 
0 0 0 0 
0 0 0 0 
0 0 0 0 
0 0 0 0 
0 0 0 0 
0 0 0 0 
0 0 0 0 
0 0 0 0 
0 0 0 0 
0 0 0 0 
0 0 0 0 
0 0 0 0 
0 0 0 0 

0 0 0 0 
0 0 0 0 
0 0 0 0 
0 0 0 0 
0 0 0 0 
0 0 0 0 
0 0 0 0 
0 0 0 0 
0 0 0 0 
0 0 0 0 
0 0 0 0 
0 0 0 0 
0 0 0 0 
0 0 0 0 
0 0 0 0 
0 0 0 0 
0 0 0 0 
0 0 0 0 
0 0 0 0 
0 0 0 0 
